Pcp_File_Version=4
*** BLOCK I: ATMOSPHERIC INFORMATION  **********************************
   MaxAL                    (MaxAL = number of atmospheric data-records)
   2256
 DailyVar  SinusVar  lLay  lBCCycles lInterc lDummy  lDummy  lDummy  lDummy  lDummy
       f       f       f       f       f       f       f       f       f       f
 hCritS                 (max. allowed pressure head at the soil surface)
      0
       tAtm        Prec       rSoil       rRoot      hCritA          rB          hB          ht    RootDepth
1 0 0 0 783 0 0 0 8.5 
2 0 0 0 783 0 0 0 8.51284 
3 0 0 0 783 0 0 0 8.52569 
4 0 0 0 783 0 0 0 8.53854 
5 0 0 0.000432221 783 0 0 0 8.55141 
6 0 0 0.000224603 783 0 0 0 8.56429 
7 0 0 0.000344056 783 0 0 0 8.57717 
8 0 0 0.00132868 783 0 0 0 8.59007 
9 0 0 0.0025174 783 0 0 0 8.60297 
10 0 0 0.00330264 783 0 0 0 8.61588 
11 0 0 0.00394748 783 0 0 0 8.62881 
12 0 0 0.00459059 783 0 0 0 8.64174 
13 0 0 0.00503863 783 0 0 0 8.65468 
14 0 0 0.00507012 783 0 0 0 8.66763 
15 0 0 0.00495958 783 0 0 0 8.68059 
16 0 0 0.00440235 783 0 0 0 8.69355 
17 0 0 0.00259576 783 0 0 0 8.70653 
18 0 0 0.00176023 783 0 0 0 8.71952 
19 0 0 0.00109768 783 0 0 0 8.73251 
20 0 0 0.000808822 783 0 0 0 8.74552 
21 0 0 0.000486187 783 0 0 0 8.75853 
22 0 0 0.000279819 783 0 0 0 8.77155 
23 0 0 0.000220902 783 0 0 0 8.78458 
24 0 0 0.000180837 783 0 0 0 8.79762 
25 0 0 0.000135738 783 0 0 0 8.81067 
26.0006 2.41087 0 8.59e-005 783 0 0 0 8.82372 
27 0 0 0 783 0 0 0 8.83679 
28 0 0 0.000105218 783 0 0 0 8.84987 
29 0 0 0.00028414 783 0 0 0 8.86295 
30 0 0 0.000293977 783 0 0 0 8.87604 
31 0 0 0.000247302 783 0 0 0 8.88914 
32 0 0 0.000369582 783 0 0 0 8.90225 
33 0 0 0.000665049 783 0 0 0 8.91537 
34 0 0 0.00129167 783 0 0 0 8.9285 
35 0 0 0.00150715 783 0 0 0 8.94163 
36 0 0 0.00178374 783 0 0 0 8.95477 
37 0 0 0.00221234 783 0 0 0 8.96793 
38 0 0 0.00306399 783 0 0 0 8.98109 
39 0 0 0.00409831 783 0 0 0 8.99426 
40 0 0 0.00362624 783 0 0 0 9.00743 
41 0 0 0.0032889 783 0 0 0 9.02062 
42 0 0 0.00255217 783 0 0 0 9.03382 
43 0 0 0.00132117 783 0 0 0 9.04702 
44 0 0 0.00052613 783 0 0 0 9.06023 
45 0 0 0 783 0 0 0 9.07345 
46 0 0 0 783 0 0 0 9.08668 
47 0 0 0 783 0 0 0 9.09991 
48 0 0 0 783 0 0 0 9.11316 
49 0 0 0 783 0 0 0 9.12641 
50 0 0 0 783 0 0 0 9.13967 
51 0 0 0 783 0 0 0 9.15294 
52 0 0 0 783 0 0 0 9.16622 
53 0 0 0.000190624 783 0 0 0 9.1795 
54 0 0 0.000189518 783 0 0 0 9.1928 
55 0 0 0.000278968 783 0 0 0 9.2061 
56 0 0 0.000573686 783 0 0 0 9.21941 
57 0 0 0.00110914 783 0 0 0 9.23272 
58 0 0 0.00166898 783 0 0 0 9.24605 
59 0 0 0.00193998 783 0 0 0 9.25938 
60 0 0 0.00213768 783 0 0 0 9.27272 
61 0 0 0.00213281 783 0 0 0 9.28607 
62 0 0 0.00219921 783 0 0 0 9.29943 
63 0 0 0.00185263 783 0 0 0 9.31279 
64 0 0 0.00150534 783 0 0 0 9.32617 
65 0 0 0.00197189 783 0 0 0 9.33955 
66 0 0 0.00175498 783 0 0 0 9.35293 
67 0 0 0.00132497 783 0 0 0 9.36633 
68 0 0 0.000512348 783 0 0 0 9.37973 
69 0 0 0.00022002 783 0 0 0 9.39314 
70 0 0 0.000370134 783 0 0 0 9.40656 
71 0 0 0.000100735 783 0 0 0 9.41999 
72 0 0 0.000476616 783 0 0 0 9.43342 
73 0 0 0.000784289 783 0 0 0 9.44687 
74 0 0 0.000695612 783 0 0 0 9.46031 
75 0 0 0.000509436 783 0 0 0 9.47377 
76 0 0 0.00025474 783 0 0 0 9.48723 
77 0 0 0.000288823 783 0 0 0 9.50071 
78 0 0 0.000416733 783 0 0 0 9.51418 
79 0 0 0.00127177 783 0 0 0 9.52767 
80 0 0 0.00163941 783 0 0 0 9.54116 
81 0 0 0.00260101 783 0 0 0 9.55466 
82 0 0 0.00328328 783 0 0 0 9.56817 
83 0 0 0.00384794 783 0 0 0 9.58169 
84 0 0 0.00430205 783 0 0 0 9.59521 
85 0 0 0.0048104 783 0 0 0 9.60874 
86 0 0 0.00521983 783 0 0 0 9.62228 
87 0 0 0.00489504 783 0 0 0 9.63582 
88 0 0 0.00437687 783 0 0 0 9.64937 
89 0 0 0.00400143 783 0 0 0 9.66293 
90 0 0 0.00340666 783 0 0 0 9.67649 
91 0 0 0.00244537 783 0 0 0 9.69007 
92 0 0 0.0017735 783 0 0 0 9.70365 
93 0 0 0.000374455 783 0 0 0 9.71723 
94 0 0 0 783 0 0 0 9.73083 
95 0 0 0 783 0 0 0 9.74442 
96 0 0 0 783 0 0 0 9.75803 
97 0 0 0 783 0 0 0 9.77165 
98 0 0 0 783 0 0 0 9.78527 
99 0 0 0 783 0 0 0 9.79889 
100 0 0 0 783 0 0 0 9.81253 
101 0 0 0.000179737 783 0 0 0 9.82617 
102 0 0 0.000171628 783 0 0 0 9.83982 
103 0 0 0.000335233 783 0 0 0 9.85347 
104 0 0 0.00113838 783 0 0 0 9.86713 
105 0 0 0.00235652 783 0 0 0 9.8808 
106 0 0 0.00350607 783 0 0 0 9.89447 
107 0 0 0.00463087 783 0 0 0 9.90815 
108 0 0 0.0058095 783 0 0 0 9.92184 
109 0 0 0.00645771 783 0 0 0 9.93553 
110 0 0 0.00683429 783 0 0 0 9.94923 
111 0 0 0.00660719 783 0 0 0 9.96294 
112 0 0 0.00587108 783 0 0 0 9.97665 
113 0 0 0.0044023 783 0 0 0 9.99037 
114 0 0 0.00303 783 0 0 0 10.0041 
115 0 0 0.00195969 783 0 0 0 10.0178 
116 0 0 0.00106661 783 0 0 0 10.0316 
117 0 0 0 783 0 0 0 10.0453 
118 0 0 0 783 0 0 0 10.0591 
119 0 0 0 783 0 0 0 10.0728 
120 0 0 0 783 0 0 0 10.0866 
121 0 0 0 783 0 0 0 10.1003 
121.5 2.41087 0 0 783 0 0 0 10.1141 
123 0 0 0 783 0 0 0 10.1279 
124 0 0 0 783 0 0 0 10.1417 
125 0 0 0.000550606 783 0 0 0 10.1555 
126 0 0 0.00047524 783 0 0 0 10.1693 
127 0 0 0.000427557 783 0 0 0 10.1831 
128 0 0 0.00131556 783 0 0 0 10.1969 
129 0 0 0.00256727 783 0 0 0 10.2107 
130 0 0 0.00396173 783 0 0 0 10.2245 
131 0 0 0.00557477 783 0 0 0 10.2383 
132 0 0 0.00644599 783 0 0 0 10.2522 
133 0 0 0.00698895 783 0 0 0 10.266 
134 0 0 0.00699369 783 0 0 0 10.2799 
135 0 0 0.00653793 783 0 0 0 10.2937 
136 0 0 0.00592808 783 0 0 0 10.3076 
137 0 0 0.00440413 783 0 0 0 10.3214 
138 0 0 0.00256869 783 0 0 0 10.3353 
139 0 0 0.000780584 783 0 0 0 10.3492 
140 0 0 0 783 0 0 0 10.363 
141 0 0 0 783 0 0 0 10.3769 
142 0 0 0 783 0 0 0 10.3908 
143 0 0 0 783 0 0 0 10.4047 
144 0 0 0 783 0 0 0 10.4186 
145 0 0 0 783 0 0 0 10.4325 
146 0 0 0 783 0 0 0 10.4464 
147 0 0 0 783 0 0 0 10.4603 
148 0 0 0 783 0 0 0 10.4743 
149 0 0 0.000294451 783 0 0 0 10.4882 
150 0 0 0.000269987 783 0 0 0 10.5021 
151 0 0 0.000435161 783 0 0 0 10.5161 
152 0 0 0.000936769 783 0 0 0 10.53 
153 0 0 0.00159752 783 0 0 0 10.5439 
154 0 0 0.00254771 783 0 0 0 10.5579 
155 0 0 0.00434561 783 0 0 0 10.5718 
156 0 0 0.00549108 783 0 0 0 10.5858 
157 0 0 0.00572548 783 0 0 0 10.5998 
158 0 0 0.00617405 783 0 0 0 10.6137 
159 0 0 0.00519779 783 0 0 0 10.6277 
160 0 0 0.00471736 783 0 0 0 10.6417 
161 0 0 0.00507635 783 0 0 0 10.6557 
162 0 0 0.00245369 783 0 0 0 10.6697 
163 0 0 0.00146757 783 0 0 0 10.6837 
164 0 0 0.000113459 783 0 0 0 10.6977 
165 0 0 0 783 0 0 0 10.7117 
166 0 0 0 783 0 0 0 10.7257 
167 0 0 0 783 0 0 0 10.7397 
168 0 0 0 783 0 0 0 10.7537 
169 0 0 0 783 0 0 0 10.7677 
170 0 0 0 783 0 0 0 10.7817 
171 0 0 0 783 0 0 0 10.7958 
172 0 0 0 783 0 0 0 10.8098 
173 0 0 0.000543072 783 0 0 0 10.8239 
174 0 0 0.000389128 783 0 0 0 10.8379 
175 0 0 0.000564958 783 0 0 0 10.8519 
176 0 0 0.00169578 783 0 0 0 10.866 
177 0 0 0.00249686 783 0 0 0 10.8801 
178 0 0 0.00390769 783 0 0 0 10.8941 
179 0 0 0.00538258 783 0 0 0 10.9082 
180 0 0 0.00634705 783 0 0 0 10.9222 
181 0 0 0.00833177 783 0 0 0 10.9363 
182 0 0 0.00657366 783 0 0 0 10.9504 
183 0 0 0.00636059 783 0 0 0 10.9645 
184 0 0 0.00685813 783 0 0 0 10.9786 
185 0 0 0.00410558 783 0 0 0 10.9926 
186 0 0 0.00259658 783 0 0 0 11.0067 
187 0 0 0.0017163 783 0 0 0 11.0208 
188 0 0 0.00070284 783 0 0 0 11.0349 
189 0 0 0 783 0 0 0 11.049 
190 0 0 7.99e-005 783 0 0 0 11.0631 
191 0 0 6.21e-005 783 0 0 0 11.0773 
192 0 0 0 783 0 0 0 11.0914 
193 0 0 0 783 0 0 0 11.1055 
194 0 0 1.89e-005 783 0 0 0 11.1196 
195 0 0 0 783 0 0 0 11.1337 
196 0 0 0 783 0 0 0 11.1479 
197 0 0 0.000417512 783 0 0 0 11.162 
198 0 0 0.000332557 783 0 0 0 11.1761 
199 0 0 0.000480773 783 0 0 0 11.1903 
200 0 0 0.00167768 783 0 0 0 11.2044 
200.5 2.41087 0 0.00321982 783 0 0 0 11.2186 
202 0 0 0.00472222 783 0 0 0 11.2327 
203 0 0 0.00603239 783 0 0 0 11.2469 
204 0 0 0.00748302 783 0 0 0 11.261 
205 0 0 0.00825334 783 0 0 0 11.2752 
206 0 0 0.00860533 783 0 0 0 11.2893 
207 0 0 0.00850593 783 0 0 0 11.3035 
208 0 0 0.00728946 783 0 0 0 11.3177 
209 0 0 0.00612909 783 0 0 0 11.3319 
210 0 0 0.0047852 783 0 0 0 11.346 
211 0 0 0.00297847 783 0 0 0 11.3602 
212 0 0 0.00202954 783 0 0 0 11.3744 
213 0 0 0.00168201 783 0 0 0 11.3886 
214 0 0 0.00113301 783 0 0 0 11.4028 
215 0 0 0 783 0 0 0 11.4169 
216 0 0 0 783 0 0 0 11.4311 
217 0 0 0 783 0 0 0 11.4453 
218 0 0 0 783 0 0 0 11.4595 
219 0 0 0 783 0 0 0 11.4737 
220 0 0 0 783 0 0 0 11.4879 
221 0 0 0.000880485 783 0 0 0 11.5021 
222 0 0 0.000860241 783 0 0 0 11.5163 
223 0 0 0.000981595 783 0 0 0 11.5306 
224 0 0 0.00179577 783 0 0 0 11.5448 
225 0 0 0.00172315 783 0 0 0 11.559 
226 0 0 0.00157648 783 0 0 0 11.5732 
227 0 0 0.0019741 783 0 0 0 11.5874 
228 0 0 0.0026215 783 0 0 0 11.6016 
229 0 0 0.00416859 783 0 0 0 11.6159 
230 0 0 0.0037009 783 0 0 0 11.6301 
231 0 0 0.00325352 783 0 0 0 11.6443 
232 0 0 0.00169407 783 0 0 0 11.6586 
233 0 0 0.00106361 783 0 0 0 11.6728 
234 0 0 0.000350539 783 0 0 0 11.687 
235 0 0 0 783 0 0 0 11.7013 
236 0 0 0 783 0 0 0 11.7155 
237 0 0 0 783 0 0 0 11.7298 
238 0 0 0 783 0 0 0 11.744 
239 0 0 0 783 0 0 0 11.7582 
240 0 0 0 783 0 0 0 11.7725 
241 0 0 0 783 0 0 0 11.7867 
242 0 0 0 783 0 0 0 11.801 
243 0 0 0 783 0 0 0 11.8153 
244 0 0 0 783 0 0 0 11.8295 
245 0 0 0.000252929 783 0 0 0 11.8438 
246 0 0 0.000256894 783 0 0 0 11.858 
247 0 0 0.00029565 783 0 0 0 11.8723 
248 0 0 0.00047143 783 0 0 0 11.8866 
249 0 0 0.000894829 783 0 0 0 11.9008 
250 0 0 0.00113196 783 0 0 0 11.9151 
251 0 0 0.00105796 783 0 0 0 11.9294 
252 0 0 0.00153834 783 0 0 0 11.9436 
253 0 0 0.00127163 783 0 0 0 11.9579 
254 0 0 0.000933801 783 0 0 0 11.9722 
255 0 0 0.000893763 783 0 0 0 11.9864 
256 0 0 0.00144785 783 0 0 0 12.0007 
257 0 0 0.00105372 783 0 0 0 12.015 
258 0 0 7.86e-005 783 0 0 0 12.0293 
259 0 0 0 783 0 0 0 12.0435 
260 0 0 0 783 0 0 0 12.0578 
261 0 0 0 783 0 0 0 12.0721 
262 0 0 0 783 0 0 0 12.0864 
263 0 0 0 783 0 0 0 12.1007 
264 0 0 0 783 0 0 0 12.115 
265 0 0 0 783 0 0 0 12.1292 
266 0 0 0 783 0 0 0 12.1435 
267 0 0 0 783 0 0 0 12.1578 
268 0 0 0 783 0 0 0 12.1721 
269 0 0 0.000250016 783 0 0 0 12.1864 
270 0 0 0.000255627 783 0 0 0 12.2007 
271 0 0 0.000299126 783 0 0 0 12.215 
272 0 0 0.000457978 783 0 0 0 12.2293 
273 0 0 0.000623523 783 0 0 0 12.2436 
274 0 0 0.00110858 783 0 0 0 12.2578 
275 0 0 0.00136313 783 0 0 0 12.2721 
276 0 0 0.00177047 783 0 0 0 12.2864 
277 0 0 0.00169908 783 0 0 0 12.3007 
278 0 0 0.00134335 783 0 0 0 12.315 
279 0 0 0.00101766 783 0 0 0 12.3293 
280 0 0 0.000781525 783 0 0 0 12.3436 
281 0 0 0.000560057 783 0 0 0 12.3579 
282 0 0 0.000178696 783 0 0 0 12.3722 
283 0 0 0 783 0 0 0 12.3865 
284 0 0 0 783 0 0 0 12.4008 
285 0 0 0 783 0 0 0 12.4151 
286 0 0 0 783 0 0 0 12.4294 
287 0 0 0 783 0 0 0 12.4437 
288 0 0 0 783 0 0 0 12.458 
289 0 0 0 783 0 0 0 12.4723 
290 0 0 0 783 0 0 0 12.4866 
291 0 0 0 783 0 0 0 12.5009 
292 0 0 0 783 0 0 0 12.5152 
293 0 0 0.000232596 783 0 0 0 12.5295 
294 0 0 0.000235847 783 0 0 0 12.5438 
295 0 0 0.000546602 783 0 0 0 12.5581 
296 0 0 0.00170537 783 0 0 0 12.5724 
297 0 0 0.00320884 783 0 0 0 12.5867 
298 0 0 0.00486745 783 0 0 0 12.601 
299 0 0 0.00619339 783 0 0 0 12.6153 
300 0 0 0.00732691 783 0 0 0 12.6296 
301 0 0 0.00801925 783 0 0 0 12.6439 
302 0 0 0.00840891 783 0 0 0 12.6582 
303 0 0 0.00804814 783 0 0 0 12.6724 
304 0 0 0.00649547 783 0 0 0 12.6867 
305 0 0 0.00556881 783 0 0 0 12.701 
306 0 0 0.0040978 783 0 0 0 12.7153 
307 0 0 0.00106958 783 0 0 0 12.7296 
308 0 0 0.00115515 783 0 0 0 12.7439 
309 0 0 0.000328282 783 0 0 0 12.7582 
310 0 0 0 783 0 0 0 12.7725 
311 0 0 0 783 0 0 0 12.7868 
312 0 0 0 783 0 0 0 12.8011 
313 0 0 0 783 0 0 0 12.8154 
314 0 0 0 783 0 0 0 12.8297 
315 0 0 0 783 0 0 0 12.844 
316 0 0 0 783 0 0 0 12.8582 
317 0 0 0.000296414 783 0 0 0 12.8725 
318 0 0 0.000295016 783 0 0 0 12.8868 
319 0 0 0.000578886 783 0 0 0 12.9011 
320 0 0 0.00183717 783 0 0 0 12.9154 
321 0 0 0.00356891 783 0 0 0 12.9297 
322 0 0 0.00504642 783 0 0 0 12.9439 
323 0 0 0.00646635 783 0 0 0 12.9582 
324 0 0 0.00743821 783 0 0 0 12.9725 
325 0 0 0.0074503 783 0 0 0 12.9868 
326 0 0 0.00691714 783 0 0 0 13.001 
327 0 0 0.00433072 783 0 0 0 13.0153 
328 0 0 0.00301653 783 0 0 0 13.0296 
329 0 0 0.00199534 783 0 0 0 13.0439 
330 0 0 0.0013136 783 0 0 0 13.0581 
331 0 0 0.000702967 783 0 0 0 13.0724 
332 0 0 0.000684463 783 0 0 0 13.0867 
333 0 0 1.51e-005 783 0 0 0 13.1009 
334 0 0 0.000129586 783 0 0 0 13.1152 
335 0 0 0 783 0 0 0 13.1295 
336 0 0 0 783 0 0 0 13.1437 
337 0 0 0 783 0 0 0 13.158 
338 0 0 0 783 0 0 0 13.1722 
339 0 0 0 783 0 0 0 13.1865 
340 0 0 0 783 0 0 0 13.2008 
341 0 0 0.000394224 783 0 0 0 13.215 
342 0 0 0.000464117 783 0 0 0 13.2293 
343 0 0 0.000388071 783 0 0 0 13.2435 
344 0 0 0.000647198 783 0 0 0 13.2578 
345 0 0 0.00118341 783 0 0 0 13.272 
346 0 0 0.00200676 783 0 0 0 13.2862 
347 0 0 0.00337099 783 0 0 0 13.3005 
348 0 0 0.00532266 783 0 0 0 13.3147 
349 0 0 0.00757243 783 0 0 0 13.329 
350 0 0 0.00745521 783 0 0 0 13.3432 
351 0 0 0.0081595 783 0 0 0 13.3574 
352 0 0 0.00716841 783 0 0 0 13.3717 
353 0 0 0.00542979 783 0 0 0 13.3859 
354 0 0 0.00498569 783 0 0 0 13.4001 
355 0 0 0.00198275 783 0 0 0 13.4143 
356 0 0 0.000996298 783 0 0 0 13.4285 
357 0 0 0 783 0 0 0 13.4428 
358 0 0 0 783 0 0 0 13.457 
359 0 0 0 783 0 0 0 13.4712 
360 0 0 0 783 0 0 0 13.4854 
361 0 0 0 783 0 0 0 13.4996 
362 0 0 0 783 0 0 0 13.5138 
363 0 0 0 783 0 0 0 13.528 
364 0 0 0 783 0 0 0 13.5422 
365 0 0 0.000341012 783 0 0 0 13.5564 
366 0 0 0.00034056 783 0 0 0 13.5706 
367 0 0 0.000715368 783 0 0 0 13.5848 
368 0 0 0.00234586 783 0 0 0 13.599 
369 0 0 0.00363352 783 0 0 0 13.6132 
370 0 0 0.00588218 783 0 0 0 13.6274 
371 0 0 0.00872019 783 0 0 0 13.6415 
372 0 0 0.00895479 783 0 0 0 13.6557 
373 0 0 0.00976566 783 0 0 0 13.6699 
374 0 0 0.00885018 783 0 0 0 13.6841 
375 0 0 0.00878354 783 0 0 0 13.6982 
376 0 0 0.0078804 783 0 0 0 13.7124 
377 0 0 0.0069806 783 0 0 0 13.7266 
378 0 0 0.00361502 783 0 0 0 13.7407 
379 0 0 0.00224099 783 0 0 0 13.7549 
380 0 0 0.00135505 783 0 0 0 13.769 
381 0 0 0.000116561 783 0 0 0 13.7832 
382 0 0 0 783 0 0 0 13.7973 
383 0 0 0 783 0 0 0 13.8115 
384 0 0 0 783 0 0 0 13.8256 
385 0 0 0 783 0 0 0 13.8397 
386 0 0 0 783 0 0 0 13.8539 
387 0 0 0 783 0 0 0 13.868 
388 0 0 0 783 0 0 0 13.8821 
389 0 0 0.000387693 783 0 0 0 13.8963 
390 0 0 0.000376471 783 0 0 0 13.9104 
391 0 0 0.000652013 783 0 0 0 13.9245 
392 0 0 0.00192366 783 0 0 0 13.9386 
393 0 0 0.00425268 783 0 0 0 13.9527 
394 0 0 0.00613424 783 0 0 0 13.9668 
395 0 0 0.00804033 783 0 0 0 13.9809 
396 0 0 0.00922761 783 0 0 0 13.995 
397 0 0 0.00997676 783 0 0 0 14.0091 
398 0 0 0.0109584 783 0 0 0 14.0232 
399 0 0 0.0107676 783 0 0 0 14.0373 
400 0 0 0.00792351 783 0 0 0 14.0513 
401 0 0 0.00447374 783 0 0 0 14.0654 
402 0 0 0.00353202 783 0 0 0 14.0795 
403 0 0 0.00181605 783 0 0 0 14.0936 
404 0 0 0.000904589 783 0 0 0 14.1076 
405 0 0 0 783 0 0 0 14.1217 
405.482 2.41087 0 0 783 0 0 0 14.1357 
407 0 0 0.000129318 783 0 0 0 14.1498 
408 0 0 7.97e-005 783 0 0 0 14.1638 
409 0 0 0 783 0 0 0 14.1779 
410 0 0 0 783 0 0 0 14.1919 
411 0 0 0 783 0 0 0 14.206 
412 0 0 0 783 0 0 0 14.22 
413 0 0 0.000487409 783 0 0 0 14.234 
414 0 0 0.000397985 783 0 0 0 14.248 
415 0 0 0.000789676 783 0 0 0 14.262 
416 0 0 0.00241174 783 0 0 0 14.2761 
417 0 0 0.00461268 783 0 0 0 14.2901 
418 0 0 0.00503058 783 0 0 0 14.3041 
419 0 0 0.00596817 783 0 0 0 14.3181 
420 0 0 0.00619909 783 0 0 0 14.3321 
421 0 0 0.00873386 783 0 0 0 14.346 
422 0 0 0.00915306 783 0 0 0 14.36 
423 0 0 0.0107101 783 0 0 0 14.374 
424 0 0 0.00915257 783 0 0 0 14.388 
425 0 0 0.00723048 783 0 0 0 14.402 
426 0 0 0.00634171 783 0 0 0 14.4159 
427 0 0 0.00157839 783 0 0 0 14.4299 
428 0 0 0.000977854 783 0 0 0 14.4438 
429 0 0 0 783 0 0 0 14.4578 
430 0 0 0 783 0 0 0 14.4717 
431 0 0 0 783 0 0 0 14.4857 
432 0 0 0 783 0 0 0 14.4996 
433 0 0 0 783 0 0 0 14.5135 
434 0 0 0 783 0 0 0 14.5275 
435 0 0 0 783 0 0 0 14.5414 
436 0 0 0 783 0 0 0 14.5553 
437 0 0 0.000518366 783 0 0 0 14.5692 
438 0 0 0.000681821 783 0 0 0 14.5831 
439 0 0 0.00112187 783 0 0 0 14.597 
440 0 0 0.00316683 783 0 0 0 14.6109 
441 0 0 0.00562629 783 0 0 0 14.6248 
442 0 0 0.00793852 783 0 0 0 14.6387 
443 0 0 0.0103463 783 0 0 0 14.6525 
444 0 0 0.0122815 783 0 0 0 14.6664 
445 0 0 0.0133751 783 0 0 0 14.6803 
446 0 0 0.0140644 783 0 0 0 14.6941 
447 0 0 0.0115929 783 0 0 0 14.708 
448 0 0 0.0107335 783 0 0 0 14.7218 
449 0 0 0.00784164 783 0 0 0 14.7357 
450 0 0 0.00467197 783 0 0 0 14.7495 
451 0 0 0.00179023 783 0 0 0 14.7634 
452 0 0 0 783 0 0 0 14.7772 
453 0 0 0 783 0 0 0 14.791 
454 0 0 0 783 0 0 0 14.8048 
455 0 0 8.11e-005 783 0 0 0 14.8186 
456 0 0 0 783 0 0 0 14.8324 
457 0 0 0.000232345 783 0 0 0 14.8462 
458 0 0 7.82e-005 783 0 0 0 14.86 
459 0 0 0 783 0 0 0 14.8738 
460 0 0 0 783 0 0 0 14.8876 
461 0 0 0.00111869 783 0 0 0 14.9014 
462 0 0 0.000579169 783 0 0 0 14.9151 
463 0 0 0.000958076 783 0 0 0 14.9289 
464 0 0 0.00290198 783 0 0 0 14.9426 
465 0 0 0.00545473 783 0 0 0 14.9564 
466 0 0 0.00813884 783 0 0 0 14.9701 
467 0 0 0.0105292 783 0 0 0 14.9839 
468 0 0 0.0128813 783 0 0 0 14.9976 
469 0 0 0.0141253 783 0 0 0 15.0113 
470 0 0 0.0144864 783 0 0 0 15.025 
471 0 0 0.0104412 783 0 0 0 15.0388 
472 0 0 0.00882556 783 0 0 0 15.0525 
473 0 0 0.00442455 783 0 0 0 15.0662 
474 0 0 0.00390444 783 0 0 0 15.0799 
475 0 0 0.00111627 783 0 0 0 15.0935 
476 0 0 0.000551542 783 0 0 0 15.1072 
477 0 0 0.000809801 783 0 0 0 15.1209 
477.5 2.41087 0 0 783 0 0 0 15.1346 
479 0 0 0.00121493 783 0 0 0 15.1482 
480 0 0 0.00296247 783 0 0 0 15.1619 
481 0 0 0.00225271 783 0 0 0 15.1755 
482 0 0 0.00185066 783 0 0 0 15.1892 
483 0 0 0.00201572 783 0 0 0 15.2028 
484 0 0 0.000958249 783 0 0 0 15.2164 
485 0 0 0.00242728 783 0 0 0 15.23 
486 0 0 0.00133877 783 0 0 0 15.2436 
487 0 0 0.00122589 783 0 0 0 15.2573 
488 0 0 0.00170019 783 0 0 0 15.2709 
489 0 0 0.00319354 783 0 0 0 15.2844 
490 0 0 0.00363735 783 0 0 0 15.298 
491 0 0 0.00440528 783 0 0 0 15.3116 
492 0 0 0.00589345 783 0 0 0 15.3252 
493 0 0 0.00977098 783 0 0 0 15.3387 
494 0 0 0.0122564 783 0 0 0 15.3523 
495 0 0 0.00936291 783 0 0 0 15.3659 
496 0 0 0.0116938 783 0 0 0 15.3794 
497 0 0 0.00947841 783 0 0 0 15.3929 
498 0 0 0.00487122 783 0 0 0 15.4065 
499 0 0 0.00233166 783 0 0 0 15.42 
500 0 0 0.00125415 783 0 0 0 15.4335 
501 0 0 0 783 0 0 0 15.447 
502 0 0 0 783 0 0 0 15.4605 
503 0 0 0 783 0 0 0 15.474 
504 0 0 0 783 0 0 0 15.4875 
505 0 0 0 783 0 0 0 15.501 
506 0 0 3.75e-005 783 0 0 0 15.5144 
507 0 0 0 783 0 0 0 15.5279 
508 0 0 0 783 0 0 0 15.5413 
509 0 0 0.000565534 783 0 0 0 15.5548 
510 0 0 0.000555056 783 0 0 0 15.5682 
511 0 0 0.000661251 783 0 0 0 15.5817 
512 0 0 0.00110875 783 0 0 0 15.5951 
513 0 0 0.00198766 783 0 0 0 15.6085 
514 0 0 0.00270205 783 0 0 0 15.6219 
515 0 0 0.00497367 783 0 0 0 15.6353 
516 0 0 0.00463839 783 0 0 0 15.6487 
517 0 0 0.0035302 783 0 0 0 15.6621 
518 0 0 0.00529031 783 0 0 0 15.6755 
519 0 0 0.00666826 783 0 0 0 15.6889 
520 0 0 0.00543883 783 0 0 0 15.7022 
521 0 0 0.0027608 783 0 0 0 15.7156 
522 0 0 0.000455381 783 0 0 0 15.7289 
523 0 0 0 783 0 0 0 15.7423 
524 0 0 0 783 0 0 0 15.7556 
525 0 0 0 783 0 0 0 15.7689 
526 0 0 0 783 0 0 0 15.7822 
527 0 0 0 783 0 0 0 15.7955 
528 0 0 0 783 0 0 0 15.8088 
529 0 0 0.000607651 783 0 0 0 15.8221 
530 0 0 0.000411188 783 0 0 0 15.8354 
531 0 0 0.000668944 783 0 0 0 15.8487 
532 0 0 0.000481914 783 0 0 0 15.862 
533 0 0 0.00123632 783 0 0 0 15.8752 
534 0 0 0.00078286 783 0 0 0 15.8885 
535 0 0 0.000770629 783 0 0 0 15.9017 
536 0 0 0.00127451 783 0 0 0 15.915 
537 0 0 0.00280635 783 0 0 0 15.9282 
538 0 0 0.0066357 783 0 0 0 15.9414 
539 0 0 0.0107911 783 0 0 0 15.9546 
540 0 0 0.0130164 783 0 0 0 15.9678 
541 0 0 0.0144151 783 0 0 0 15.981 
542 0 0 0.0152962 783 0 0 0 15.9942 
543 0 0 0.0156896 783 0 0 0 16.0074 
544 0 0 0.00560994 783 0 0 0 16.0205 
545 0 0 0.00416033 783 0 0 0 16.0337 
546 0 0 0.00196679 783 0 0 0 16.0468 
547 0 0 0.00251682 783 0 0 0 16.06 
548 0 0 0.000600349 783 0 0 0 16.0731 
548.287 2.41087 0 0.000601364 783 0 0 0 16.0862 
550 0 0 0 783 0 0 0 16.0994 
551 0 0 0.000702759 783 0 0 0 16.1125 
552 0 0 0 783 0 0 0 16.1256 
553 0 0 0 783 0 0 0 16.1387 
554 0 0 0.00173322 783 0 0 0 16.1517 
555 0 0 0 783 0 0 0 16.1648 
556 0 0 0.000312034 783 0 0 0 16.1779 
557 0 0 0.0024095 783 0 0 0 16.1909 
558 0 0 0.0010222 783 0 0 0 16.204 
559 0 0 0.00181096 783 0 0 0 16.217 
560 0 0 0.003789 783 0 0 0 16.2301 
561 0 0 0.00676443 783 0 0 0 16.2431 
562 0 0 0.00987653 783 0 0 0 16.2561 
563 0 0 0.0131845 783 0 0 0 16.2691 
564 0 0 0.0138044 783 0 0 0 16.2821 
565 0 0 0.0166998 783 0 0 0 16.2951 
566 0 0 0.0173824 783 0 0 0 16.308 
567 0 0 0.0135107 783 0 0 0 16.321 
568 0 0 0.0162132 783 0 0 0 16.334 
569 0 0 0.0137245 783 0 0 0 16.3469 
570 0 0 0.0114563 783 0 0 0 16.3599 
571 0 0 0.00776699 783 0 0 0 16.3728 
572 0 0 0.00404739 783 0 0 0 16.3857 
573 0 0 0 783 0 0 0 16.3986 
574 0 0 0 783 0 0 0 16.4115 
575 0 0 0.000394493 783 0 0 0 16.4244 
576 0 0 0.00156093 783 0 0 0 16.4373 
577 0 0 0.000347868 783 0 0 0 16.4502 
578 0 0 0 783 0 0 0 16.463 
579 0 0 0 783 0 0 0 16.4759 
580 0 0 0 783 0 0 0 16.4887 
581 0 0 0.00115404 783 0 0 0 16.5016 
582 0 0 0.00128683 783 0 0 0 16.5144 
583 0 0 0.00180672 783 0 0 0 16.5272 
584 0 0 0.00378618 783 0 0 0 16.54 
584.594 2.41087 0 0.00687894 783 0 0 0 16.5528 
586 0 0 0.0113034 783 0 0 0 16.5656 
587 0 0 0.0150153 783 0 0 0 16.5784 
588 0 0 0.0153231 783 0 0 0 16.5912 
589 0 0 0.016226 783 0 0 0 16.6039 
590 0 0 0.0127936 783 0 0 0 16.6167 
591 0 0 0.0190556 783 0 0 0 16.6294 
592 0 0 0.0138058 783 0 0 0 16.6422 
593 0 0 0.0106643 783 0 0 0 16.6549 
594 0 0 0.00621813 783 0 0 0 16.6676 
595 0 0 0.00327639 783 0 0 0 16.6803 
596 0 0 0.00340116 783 0 0 0 16.693 
597 0 0 0.0016537 783 0 0 0 16.7057 
598 0 0 0 783 0 0 0 16.7184 
599 0 0 0 783 0 0 0 16.731 
600 0 0 0 783 0 0 0 16.7437 
601 0 0 0 783 0 0 0 16.7563 
602 0 0 0 783 0 0 0 16.769 
603 0 0 0 783 0 0 0 16.7816 
604 0 0 0 783 0 0 0 16.7942 
605 0 0 0.000898497 783 0 0 0 16.8068 
606 0 0 0.000916193 783 0 0 0 16.8194 
607 0 0 0.00138002 783 0 0 0 16.832 
608 0 0 0.00389936 783 0 0 0 16.8446 
609 0 0 0.00681167 783 0 0 0 16.8571 
610 0 0 0.0102866 783 0 0 0 16.8697 
611 0 0 0.0133047 783 0 0 0 16.8822 
612 0 0 0.0157096 783 0 0 0 16.8948 
613 0 0 0.0175945 783 0 0 0 16.9073 
614 0 0 0.0184943 783 0 0 0 16.9198 
615 0 0 0.0175248 783 0 0 0 16.9323 
616 0 0 0.0142695 783 0 0 0 16.9448 
617 0 0 0.0111321 783 0 0 0 16.9573 
618 0 0 0.00862936 783 0 0 0 16.9698 
619 0 0 0.00392477 783 0 0 0 16.9822 
620 0 0 0.000345692 783 0 0 0 16.9947 
621 0 0 0 783 0 0 0 17.0071 
621.276 2.41087 0 0 783 0 0 0 17.0196 
623 0 0 0 783 0 0 0 17.032 
624 0 0 0 783 0 0 0 17.0444 
625 0 0 0 783 0 0 0 17.0568 
626 0 0 0 783 0 0 0 17.0692 
627 0 0 0 783 0 0 0 17.0816 
628 0 0 0 783 0 0 0 17.094 
629 0 0 0.000974254 783 0 0 0 17.1063 
630 0 0 0.001574 783 0 0 0 17.1187 
631 0 0 0.00349497 783 0 0 0 17.131 
632 0 0 0.00441578 783 0 0 0 17.1433 
633 0 0 0.00685985 783 0 0 0 17.1557 
634 0 0 0.0122142 783 0 0 0 17.168 
635 0 0 0.0145165 783 0 0 0 17.1803 
636 0 0 0.0161841 783 0 0 0 17.1926 
637 0 0 0.017841 783 0 0 0 17.2048 
638 0 0 0.0112335 783 0 0 0 17.2171 
639 0 0 0.00506556 783 0 0 0 17.2294 
640 0 0 0.00423465 783 0 0 0 17.2416 
641 0 0 0.00519449 783 0 0 0 17.2538 
642 0 0 0.00263773 783 0 0 0 17.2661 
643 0 0 0.00254928 783 0 0 0 17.2783 
644 0 0 0.000487269 783 0 0 0 17.2905 
645 0 0 0 783 0 0 0 17.3027 
646 0 0 0 783 0 0 0 17.3149 
647 0 0 0 783 0 0 0 17.327 
648 0 0 0 783 0 0 0 17.3392 
649 0 0 0 783 0 0 0 17.3513 
650 0 0 0 783 0 0 0 17.3635 
651 0 0 0 783 0 0 0 17.3756 
652 0 0 0 783 0 0 0 17.3877 
653 0 0 0.000665071 783 0 0 0 17.3998 
654 0 0 0.000743409 783 0 0 0 17.4119 
655 0 0 0.00136683 783 0 0 0 17.424 
656 0 0 0.00389687 783 0 0 0 17.4361 
657 0 0 0.0071199 783 0 0 0 17.4482 
658 0 0 0.0102221 783 0 0 0 17.4602 
659 0 0 0.0129693 783 0 0 0 17.4722 
660 0 0 0.0154361 783 0 0 0 17.4843 
661 0 0 0.0166436 783 0 0 0 17.4963 
662 0 0 0.0182571 783 0 0 0 17.5083 
663 0 0 0.0152166 783 0 0 0 17.5203 
664 0 0 0.0134199 783 0 0 0 17.5323 
665 0 0 0.0127494 783 0 0 0 17.5443 
666 0 0 0.00714104 783 0 0 0 17.5562 
666.597 2.41087 0 0.00167373 783 0 0 0 17.5682 
668 0 0 0 783 0 0 0 17.5801 
669 0 0 0 783 0 0 0 17.5921 
670 0 0 0.000734214 783 0 0 0 17.604 
671 0 0 0 783 0 0 0 17.6159 
672 0 0 0 783 0 0 0 17.6278 
673 0 0 0 783 0 0 0 17.6397 
674 0 0 0 783 0 0 0 17.6515 
675 0 0 0 783 0 0 0 17.6634 
676 0 0 0 783 0 0 0 17.6753 
677 0 0 0.000705331 783 0 0 0 17.6871 
678 0 0 0.000771378 783 0 0 0 17.6989 
679 0 0 0.00169715 783 0 0 0 17.7108 
680 0 0 0.00477355 783 0 0 0 17.7226 
681 0 0 0.00739153 783 0 0 0 17.7344 
682 0 0 0.0111497 783 0 0 0 17.7461 
683 0 0 0.0143486 783 0 0 0 17.7579 
684 0 0 0.0169431 783 0 0 0 17.7697 
685 0 0 0.0182798 783 0 0 0 17.7814 
686 0 0 0.0192472 783 0 0 0 17.7932 
687 0 0 0.0193877 783 0 0 0 17.8049 
688 0 0 0.0177151 783 0 0 0 17.8166 
689 0 0 0.015647 783 0 0 0 17.8283 
690 0 0 0.0119037 783 0 0 0 17.84 
691 0 0 0.00635591 783 0 0 0 17.8517 
692 0 0 0.00373796 783 0 0 0 17.8634 
693 0 0 0.000915088 783 0 0 0 17.875 
694 0 0 0.000250273 783 0 0 0 17.8867 
695 0 0 0 783 0 0 0 17.8983 
696 0 0 0 783 0 0 0 17.9099 
697 0 0 0 783 0 0 0 17.9216 
698 0 0 0 783 0 0 0 17.9332 
699 0 0 0 783 0 0 0 17.9448 
700 0 0 0 783 0 0 0 17.9563 
701 0 0 0.00079364 783 0 0 0 17.9679 
702 0 0 0.00119689 783 0 0 0 17.9795 
703 0 0 0.00142687 783 0 0 0 17.991 
704 0 0 0.00349619 783 0 0 0 18.0025 
705 0 0 0.00625159 783 0 0 0 18.0141 
706 0 0 0.0108034 783 0 0 0 18.0256 
707 0 0 0.010009 783 0 0 0 18.0371 
708 0 0 0.0135457 783 0 0 0 18.0486 
709 0 0 0.0156718 783 0 0 0 18.06 
710 0 0 0.0201174 783 0 0 0 18.0715 
711 0 0 0.0193886 783 0 0 0 18.0829 
712 0 0 0.0133504 783 0 0 0 18.0944 
713 0 0 0.0120936 783 0 0 0 18.1058 
714 0 0 0.00527922 783 0 0 0 18.1172 
715 0 0 0.00250167 783 0 0 0 18.1286 
716 0 0 0.00139318 783 0 0 0 18.14 
717 0 0 0 783 0 0 0 18.1514 
718 0 0 0 783 0 0 0 18.1628 
719 0 0 2.36e-005 783 0 0 0 18.1741 
720 0 0 0 783 0 0 0 18.1855 
721 0 0 0 783 0 0 0 18.1968 
722 0 0 0 783 0 0 0 18.2081 
723 0 0 0 783 0 0 0 18.2194 
724 0 0 0 783 0 0 0 18.2307 
725 0 0 0.00101889 783 0 0 0 18.242 
726 0 0 0.000800922 783 0 0 0 18.2533 
727 0 0 0.00192769 783 0 0 0 18.2646 
728 0 0 0.00495708 783 0 0 0 18.2758 
729 0 0 0.00863972 783 0 0 0 18.2871 
730 0 0 0.0126029 783 0 0 0 18.2983 
731 0 0 0.0158303 783 0 0 0 18.3095 
732 0 0 0.0192408 783 0 0 0 18.3207 
733 0 0 0.0217779 783 0 0 0 18.3319 
734 0 0 0.0130374 783 0 0 0 18.3431 
735 0 0 0.00900885 783 0 0 0 18.3542 
736 0 0 0.00813047 783 0 0 0 18.3654 
737 0 0 0.00840772 783 0 0 0 18.3765 
738 0 0 0.00493377 783 0 0 0 18.3877 
739 0 0 0.00112498 783 0 0 0 18.3988 
739.597 2.41087 0 0.000893906 783 0 0 0 18.4099 
741 0 0 0 783 0 0 0 18.421 
742 0 0 0 783 0 0 0 18.4321 
743 0 0 0 783 0 0 0 18.4432 
744 0 0 0 783 0 0 0 18.4542 
745 0 0 0 783 0 0 0 18.4653 
746 0 0 0 783 0 0 0 18.4763 
747 0 0 0 783 0 0 0 18.4873 
748 0 0 0 783 0 0 0 18.4983 
749 0 0 0.000806489 783 0 0 0 18.5093 
750 0 0 0.000773675 783 0 0 0 18.5203 
751 0 0 0.00144911 783 0 0 0 18.5313 
752 0 0 0.00394822 783 0 0 0 18.5423 
753 0 0 0.00682772 783 0 0 0 18.5532 
754 0 0 0.0124169 783 0 0 0 18.5642 
755 0 0 0.0162181 783 0 0 0 18.5751 
756 0 0 0.0199841 783 0 0 0 18.586 
757 0 0 0.0152233 783 0 0 0 18.5969 
758 0 0 0.0150503 783 0 0 0 18.6078 
759 0 0 0.0113697 783 0 0 0 18.6187 
760 0 0 0.00881832 783 0 0 0 18.6295 
761 0 0 0.0136658 783 0 0 0 18.6404 
762 0 0 0.0127145 783 0 0 0 18.6512 
763 0 0 0.00581801 783 0 0 0 18.6621 
764 0 0 0.00233674 783 0 0 0 18.6729 
765 0 0 0 783 0 0 0 18.6837 
766 0 0 0.0014811 783 0 0 0 18.6945 
767 0 0 0 783 0 0 0 18.7053 
768 0 0 0 783 0 0 0 18.716 
769 0 0 0 783 0 0 0 18.7268 
770 0 0 0 783 0 0 0 18.7375 
771 0 0 0 783 0 0 0 18.7483 
772 0 0 0 783 0 0 0 18.759 
773 0 0 0.00120833 783 0 0 0 18.7697 
774 0 0 0.000709927 783 0 0 0 18.7804 
775 0 0 0.00189017 783 0 0 0 18.7911 
776 0 0 0.00509643 783 0 0 0 18.8017 
777 0 0 0.00808579 783 0 0 0 18.8124 
778 0 0 0.0133399 783 0 0 0 18.823 
778.597 2.41087 0 0.0172318 783 0 0 0 18.8337 
780 0 0 0.0178342 783 0 0 0 18.8443 
781 0 0 0.0189062 783 0 0 0 18.8549 
782 0 0 0.0212467 783 0 0 0 18.8655 
783 0 0 0.0194554 783 0 0 0 18.8761 
784 0 0 0.0193655 783 0 0 0 18.8867 
785 0 0 0.0167327 783 0 0 0 18.8972 
786 0 0 0.012559 783 0 0 0 18.9078 
787 0 0 0.00577324 783 0 0 0 18.9183 
788 0 0 0.00113929 783 0 0 0 18.9288 
789 0 0 0 783 0 0 0 18.9393 
790 0 0 0 783 0 0 0 18.9498 
791 0 0 0 783 0 0 0 18.9603 
792 0 0 0 783 0 0 0 18.9708 
793 0 0 0 783 0 0 0 18.9812 
794 0 0 0 783 0 0 0 18.9917 
795 0 0 0 783 0 0 0 19.0021 
796 0 0 0 783 0 0 0 19.0125 
797 0 0 0.00285745 783 0 0 0 19.023 
798 0 0 0.00346318 783 0 0 0 19.0334 
799 0 0 0.0022976 783 0 0 0 19.0437 
800 0 0 0.00602848 783 0 0 0 19.0541 
801 0 0 0.0104382 783 0 0 0 19.0645 
802 0 0 0.0157063 783 0 0 0 19.0748 
803 0 0 0.0196064 783 0 0 0 19.0852 
804 0 0 0.0232974 783 0 0 0 19.0955 
805 0 0 0.0267668 783 0 0 0 19.1058 
806 0 0 0.0250476 783 0 0 0 19.1161 
807 0 0 0.0262309 783 0 0 0 19.1264 
808 0 0 0.0181436 783 0 0 0 19.1367 
809 0 0 0.0134171 783 0 0 0 19.1469 
810 0 0 0.0110842 783 0 0 0 19.1572 
811 0 0 0.00506963 783 0 0 0 19.1674 
812 0 0 0.00450791 783 0 0 0 19.1776 
813 0 0 0.0045491 783 0 0 0 19.1878 
814 0 0 0.00132741 783 0 0 0 19.198 
815 0 0 0.00282643 783 0 0 0 19.2082 
816 0 0 0.0025777 783 0 0 0 19.2184 
817 0 0 0.00275116 783 0 0 0 19.2286 
818 0 0 0.00211784 783 0 0 0 19.2387 
819 0 0 0.00203616 783 0 0 0 19.2488 
820 0 0 0.00237915 783 0 0 0 19.259 
821 0 0 0.00410282 783 0 0 0 19.2691 
822 0 0 0.00399531 783 0 0 0 19.2792 
823 0 0 0.00400376 783 0 0 0 19.2893 
823.597 2.41087 0 0.00494089 783 0 0 0 19.2993 
825 0 0 0.00712841 783 0 0 0 19.3094 
826 0 0 0.0120975 783 0 0 0 19.3195 
827 0 0 0.0157679 783 0 0 0 19.3295 
828 0 0 0.0160437 783 0 0 0 19.3395 
829 0 0 0.0204998 783 0 0 0 19.3495 
830 0 0 0.0227073 783 0 0 0 19.3595 
831 0 0 0.0219177 783 0 0 0 19.3695 
832 0 0 0.0205112 783 0 0 0 19.3795 
833 0 0 0.01559 783 0 0 0 19.3894 
834 0 0 0.0115859 783 0 0 0 19.3994 
835 0 0 0.006977 783 0 0 0 19.4093 
836 0 0 0.00407736 783 0 0 0 19.4193 
837 0 0 0.00054068 783 0 0 0 19.4292 
838 0 0 0 783 0 0 0 19.4391 
839 0 0 0 783 0 0 0 19.4489 
840 0 0 0 783 0 0 0 19.4588 
841 0 0 0 783 0 0 0 19.4687 
842 0 0 0 783 0 0 0 19.4785 
843 0 0 0 783 0 0 0 19.4884 
844 0 0 0 783 0 0 0 19.4982 
845 0 0 0.000766556 783 0 0 0 19.508 
846 0 0 0.000757052 783 0 0 0 19.5178 
847 0 0 0.00202621 783 0 0 0 19.5276 
848 0 0 0.00483899 783 0 0 0 19.5374 
849 0 0 0.00903502 783 0 0 0 19.5471 
850 0 0 0.0127293 783 0 0 0 19.5569 
851 0 0 0.01672 783 0 0 0 19.5666 
852 0 0 0.0200348 783 0 0 0 19.5763 
853 0 0 0.0222406 783 0 0 0 19.586 
854 0 0 0.0234079 783 0 0 0 19.5957 
855 0 0 0.0221979 783 0 0 0 19.6054 
856 0 0 0.0194794 783 0 0 0 19.6151 
857 0 0 0.016293 783 0 0 0 19.6247 
858 0 0 0.0120156 783 0 0 0 19.6344 
859 0 0 0.00570619 783 0 0 0 19.644 
860 0 0 0.00185731 783 0 0 0 19.6536 
861 0 0 0 783 0 0 0 19.6632 
861.597 2.41087 0 0 783 0 0 0 19.6728 
863 0 0 0 783 0 0 0 19.6824 
864 0 0 0 783 0 0 0 19.692 
865 0 0 0 783 0 0 0 19.7016 
866 0 0 0 783 0 0 0 19.7111 
867 0 0 0 783 0 0 0 19.7206 
868 0 0 0 783 0 0 0 19.7302 
869 0 0 0.000774094 783 0 0 0 19.7397 
870 0 0 0.000895066 783 0 0 0 19.7492 
871 0 0 0.00242066 783 0 0 0 19.7586 
872 0 0 0.00580259 783 0 0 0 19.7681 
873 0 0 0.0104166 783 0 0 0 19.7776 
874 0 0 0.0152535 783 0 0 0 19.787 
875 0 0 0.0193328 783 0 0 0 19.7965 
876 0 0 0.0232748 783 0 0 0 19.8059 
877 0 0 0.026411 783 0 0 0 19.8153 
878 0 0 0.0272909 783 0 0 0 19.8247 
879 0 0 0.0257403 783 0 0 0 19.8341 
880 0 0 0.0219314 783 0 0 0 19.8434 
881 0 0 0.0177255 783 0 0 0 19.8528 
882 0 0 0.0134645 783 0 0 0 19.8621 
883 0 0 0.00487539 783 0 0 0 19.8715 
884 0 0 0.00147875 783 0 0 0 19.8808 
884.597 2.41087 0 0 783 0 0 0 19.8901 
886 0 0 0 783 0 0 0 19.8994 
887 0 0 0 783 0 0 0 19.9087 
888 0 0 0 783 0 0 0 19.9179 
889 0 0 0 783 0 0 0 19.9272 
890 0 0 0 783 0 0 0 19.9364 
891 0 0 0 783 0 0 0 19.9457 
892 0 0 0 783 0 0 0 19.9549 
893 0 0 0.00100418 783 0 0 0 19.9641 
894 0 0 0.00162272 783 0 0 0 19.9733 
895 0 0 0.00291623 783 0 0 0 19.9825 
896 0 0 0.00631767 783 0 0 0 19.9916 
897 0 0 0.0110434 783 0 0 0 20.0008 
898 0 0 0.0166342 783 0 0 0 20.0099 
899 0 0 0.0211001 783 0 0 0 20.0191 
900 0 0 0.0241759 783 0 0 0 20.0282 
901 0 0 0.0275781 783 0 0 0 20.0373 
902 0 0 0.0233176 783 0 0 0 20.0464 
903 0 0 0.0170537 783 0 0 0 20.0555 
904 0 0 0.0143705 783 0 0 0 20.0645 
905 0 0 0.0117517 783 0 0 0 20.0736 
906 0 0 0.00732138 783 0 0 0 20.0826 
907 0 0 0.000734455 783 0 0 0 20.0917 
907.597 2.41087 0 0 783 0 0 0 20.1007 
909 0 0 0 783 0 0 0 20.1097 
910 0 0 0 783 0 0 0 20.1187 
911 0 0 0 783 0 0 0 20.1277 
912 0 0 0 783 0 0 0 20.1366 
913 0 0 0 783 0 0 0 20.1456 
914 0 0 0 783 0 0 0 20.1545 
915 0 0 0 783 0 0 0 20.1635 
916 0 0 0 783 0 0 0 20.1724 
917 0 0 0.00122755 783 0 0 0 20.1813 
918 0 0 0.00125411 783 0 0 0 20.1902 
919 0 0 0.00242882 783 0 0 0 20.199 
920 0 0 0.00577607 783 0 0 0 20.2079 
921 0 0 0.0104937 783 0 0 0 20.2168 
922 0 0 0.0142353 783 0 0 0 20.2256 
923 0 0 0.0158154 783 0 0 0 20.2344 
924 0 0 0.0220889 783 0 0 0 20.2433 
925 0 0 0.0221378 783 0 0 0 20.2521 
926 0 0 0.0210869 783 0 0 0 20.2609 
927 0 0 0.0145575 783 0 0 0 20.2696 
928 0 0 0.00874753 783 0 0 0 20.2784 
929 0 0 0.00559423 783 0 0 0 20.2872 
930 0 0 0.00238482 783 0 0 0 20.2959 
931 0 0 0 783 0 0 0 20.3046 
932 0 0 0 783 0 0 0 20.3134 
933 0 0 0 783 0 0 0 20.3221 
934 0 0 0 783 0 0 0 20.3308 
935 0 0 0 783 0 0 0 20.3394 
936 0 0 0 783 0 0 0 20.3481 
937 0 0 0 783 0 0 0 20.3568 
938 0 0 0 783 0 0 0 20.3654 
939 0 0 0 783 0 0 0 20.374 
940 0 0 0 783 0 0 0 20.3827 
941 0 0 0.000904208 783 0 0 0 20.3913 
942 0 0 0.000998042 783 0 0 0 20.3999 
943 0 0 0.0021944 783 0 0 0 20.4084 
944 0 0 0.00577966 783 0 0 0 20.417 
945 0 0 0.0108815 783 0 0 0 20.4256 
946 0 0 0.0160111 783 0 0 0 20.4341 
947 0 0 0.0205181 783 0 0 0 20.4426 
948 0 0 0.0246988 783 0 0 0 20.4512 
949 0 0 0.027665 783 0 0 0 20.4597 
950 0 0 0.0286104 783 0 0 0 20.4682 
951 0 0 0.0275093 783 0 0 0 20.4766 
952 0 0 0.0237949 783 0 0 0 20.4851 
953 0 0 0.0210878 783 0 0 0 20.4936 
954 0 0 0.0141184 783 0 0 0 20.502 
955 0 0 0.0051676 783 0 0 0 20.5104 
955.597 2.41087 0 0.00192763 783 0 0 0 20.5189 
957 0 0 0 783 0 0 0 20.5273 
958 0 0 0 783 0 0 0 20.5357 
959 0 0 0.00254689 783 0 0 0 20.544 
960 0 0 0.00209404 783 0 0 0 20.5524 
961 0 0 0 783 0 0 0 20.5608 
962 0 0 0 783 0 0 0 20.5691 
963 0 0 0.000584302 783 0 0 0 20.5775 
964 0 0 0 783 0 0 0 20.5858 
965 0 0 0.00157107 783 0 0 0 20.5941 
966 0 0 0.00117682 783 0 0 0 20.6024 
967 0 0 0.00110334 783 0 0 0 20.6107 
968 0 0 0.00139891 783 0 0 0 20.6189 
969 0 0 0.00284053 783 0 0 0 20.6272 
970 0 0 0.00731798 783 0 0 0 20.6354 
971 0 0 0.0127018 783 0 0 0 20.6437 
972 0 0 0.020653 783 0 0 0 20.6519 
973 0 0 0.0224561 783 0 0 0 20.6601 
974 0 0 0.0274286 783 0 0 0 20.6683 
975 0 0 0.0284848 783 0 0 0 20.6765 
976 0 0 0.0188286 783 0 0 0 20.6847 
977 0 0 0.00862444 783 0 0 0 20.6928 
978 0 0 0.00530566 783 0 0 0 20.701 
979 0 0 0.000856769 783 0 0 0 20.7091 
980 0 0 0.00161402 783 0 0 0 20.7173 
981 0 0 0 783 0 0 0 20.7254 
982 0 0 0 783 0 0 0 20.7335 
983 0 0 0 783 0 0 0 20.7416 
984 0 0 0 783 0 0 0 20.7496 
985 0 0 0 783 0 0 0 20.7577 
986 0 0 0 783 0 0 0 20.7657 
987 0 0 0 783 0 0 0 20.7738 
988 0 0 0 783 0 0 0 20.7818 
989 0 0 0.00102107 783 0 0 0 20.7898 
990 0 0 0.00117974 783 0 0 0 20.7978 
991 0 0 0.00161338 783 0 0 0 20.8058 
992 0 0 0.00490928 783 0 0 0 20.8138 
993 0 0 0.00965948 783 0 0 0 20.8218 
994 0 0 0.0166396 783 0 0 0 20.8297 
995 0 0 0.0214396 783 0 0 0 20.8377 
996 0 0 0.0256459 783 0 0 0 20.8456 
997 0 0 0.0289333 783 0 0 0 20.8535 
998 0 0 0.0300766 783 0 0 0 20.8614 
999 0 0 0.0287044 783 0 0 0 20.8693 
1000 0 0 0.0247356 783 0 0 0 20.8772 
1001 0 0 0.0186895 783 0 0 0 20.8851 
1002 0 0 0.007219 783 0 0 0 20.8929 
1003 0 0 0.00212332 783 0 0 0 20.9008 
1004 0 0 0.00456716 783 0 0 0 20.9086 
1005 0 0 0.000307131 783 0 0 0 20.9164 
1006 0 0 0 783 0 0 0 20.9242 
1007 0 0 0 783 0 0 0 20.932 
1008 0 0 0 783 0 0 0 20.9398 
1009 0 0 0 783 0 0 0 20.9476 
1010 0 0 0 783 0 0 0 20.9554 
1011 0 0 0 783 0 0 0 20.9631 
1012 0 0 0 783 0 0 0 20.9709 
1013 0 0 0.000935016 783 0 0 0 20.9786 
1014 0 0 0.000937488 783 0 0 0 20.9863 
1015 0 0 0.0022378 783 0 0 0 20.994 
1016 0 0 0.00677022 783 0 0 0 21.0017 
1017 0 0 0.00900453 783 0 0 0 21.0094 
1018 0 0 0.0168874 783 0 0 0 21.017 
1019 0 0 0.0233207 783 0 0 0 21.0247 
1019.6 2.41087 0 0.0225002 783 0 0 0 21.0323 
1021 0 0 0.0187118 783 0 0 0 21.04 
1022 0 0 0.0187836 783 0 0 0 21.0476 
1023 0 0 0.0155443 783 0 0 0 21.0552 
1024 0 0 0.0157867 783 0 0 0 21.0628 
1025 0 0 0.0105337 783 0 0 0 21.0704 
1026 0 0 0.00373193 783 0 0 0 21.0779 
1027 0 0 0.00198882 783 0 0 0 21.0855 
1028 0 0 0.00164699 783 0 0 0 21.093 
1029 0 0 0 783 0 0 0 21.1006 
1030 0 0 0 783 0 0 0 21.1081 
1031 0 0 0 783 0 0 0 21.1156 
1032 0 0 0 783 0 0 0 21.1231 
1033 0 0 0 783 0 0 0 21.1306 
1034 0 0 0 783 0 0 0 21.1381 
1035 0 0 0 783 0 0 0 21.1455 
1036 0 0 0 783 0 0 0 21.153 
1037 0 0 0.000962884 783 0 0 0 21.1604 
1038 0 0 0.000935537 783 0 0 0 21.1679 
1039 0 0 0.00146007 783 0 0 0 21.1753 
1040 0 0 0.00467599 783 0 0 0 21.1827 
1041 0 0 0.00441045 783 0 0 0 21.1901 
1042 0 0 0.00569363 783 0 0 0 21.1975 
1043 0 0 0.00940122 783 0 0 0 21.2048 
1044 0 0 0.0249955 783 0 0 0 21.2122 
1045 0 0 0.0296119 783 0 0 0 21.2195 
1046 0 0 0.0303696 783 0 0 0 21.2269 
1047 0 0 0.0294568 783 0 0 0 21.2342 
1048 0 0 0.0256946 783 0 0 0 21.2415 
1049 0 0 0.0215297 783 0 0 0 21.2488 
1050 0 0 0.0165491 783 0 0 0 21.2561 
1051 0 0 0.00764154 783 0 0 0 21.2634 
1052 0 0 0.0020057 783 0 0 0 21.2706 
1053 0 0 0.000461599 783 0 0 0 21.2779 
1054 0 0 0 783 0 0 0 21.2851 
1055 0 0 0 783 0 0 0 21.2924 
1056 0 0 0 783 0 0 0 21.2996 
1057 0 0 0 783 0 0 0 21.3068 
1058 0 0 0 783 0 0 0 21.314 
1059 0 0 0 783 0 0 0 21.3212 
1060 0 0 0 783 0 0 0 21.3283 
1061 0 0 0.0010381 783 0 0 0 21.3355 
1062 0 0 0.00111659 783 0 0 0 21.3426 
1063 0 0 0.00181994 783 0 0 0 21.3498 
1063.6 2.41087 0 0.00673724 783 0 0 0 21.3569 
1065 0 0 0.0123061 783 0 0 0 21.364 
1066 0 0 0.0124148 783 0 0 0 21.3711 
1067 0 0 0.0163525 783 0 0 0 21.3782 
1068 0 0 0.0224797 783 0 0 0 21.3853 
1069 0 0 0.0325287 783 0 0 0 21.3924 
1070 0 0 0.0259159 783 0 0 0 21.3994 
1071 0 0 0.0300415 783 0 0 0 21.4065 
1072 0 0 0.0276038 783 0 0 0 21.4135 
1073 0 0 0.00733886 783 0 0 0 21.4205 
1074 0 0 0.00281461 783 0 0 0 21.4275 
1075 0 0 0 783 0 0 0 21.4345 
1076 0 0 0 783 0 0 0 21.4415 
1077 0 0 0 783 0 0 0 21.4485 
1078 0 0 0 783 0 0 0 21.4554 
1079 0 0 0 783 0 0 0 21.4624 
1080 0 0 0 783 0 0 0 21.4693 
1081 0 0 0 783 0 0 0 21.4763 
1082 0 0 0.000470586 783 0 0 0 21.4832 
1083 0 0 0 783 0 0 0 21.4901 
1084 0 0 0 783 0 0 0 21.497 
1085 0 0 0.00122481 783 0 0 0 21.5039 
1086 0 0 0.00124179 783 0 0 0 21.5108 
1087 0 0 0.00267841 783 0 0 0 21.5176 
1088 0 0 0.00767181 783 0 0 0 21.5245 
1089 0 0 0.0108762 783 0 0 0 21.5313 
1090 0 0 0.0175898 783 0 0 0 21.5381 
1091 0 0 0.0233318 783 0 0 0 21.545 
1092 0 0 0.0269629 783 0 0 0 21.5518 
1093 0 0 0.0255224 783 0 0 0 21.5586 
1094 0 0 0.0278275 783 0 0 0 21.5653 
1095 0 0 0.0201722 783 0 0 0 21.5721 
1096 0 0 0.0152562 783 0 0 0 21.5789 
1097 0 0 0.00870191 783 0 0 0 21.5856 
1098 0 0 0.00494072 783 0 0 0 21.5924 
1099 0 0 0.00283806 783 0 0 0 21.5991 
1100 0 0 0.000626436 783 0 0 0 21.6058 
1101 0 0 0 783 0 0 0 21.6125 
1102 0 0 0 783 0 0 0 21.6192 
1103 0 0 0 783 0 0 0 21.6259 
1104 0 0 0 783 0 0 0 21.6326 
1105 0 0 0 783 0 0 0 21.6392 
1106 0 0 0 783 0 0 0 21.6459 
1107 0 0 0 783 0 0 0 21.6525 
1108 0 0 0 783 0 0 0 21.6591 
1109 0 0 0.00240458 783 0 0 0 21.6658 
1110 0 0 0.00194022 783 0 0 0 21.6724 
1111 0 0 0.00420613 783 0 0 0 21.679 
1112 0 0 0.00652537 783 0 0 0 21.6855 
1113 0 0 0.0123353 783 0 0 0 21.6921 
1113.6 2.41087 0 0.0152116 783 0 0 0 21.6987 
1115 0 0 0.0243499 783 0 0 0 21.7052 
1116 0 0 0.0291513 783 0 0 0 21.7118 
1117 0 0 0.0329044 783 0 0 0 21.7183 
1118 0 0 0.0330887 783 0 0 0 21.7248 
1119 0 0 0.0322954 783 0 0 0 21.7313 
1120 0 0 0.017519 783 0 0 0 21.7378 
1121 0 0 0.0101537 783 0 0 0 21.7443 
1122 0 0 0.00888867 783 0 0 0 21.7508 
1123 0 0 0.00511792 783 0 0 0 21.7572 
1124 0 0 0 783 0 0 0 21.7637 
1125 0 0 0 783 0 0 0 21.7701 
1126 0 0 0 783 0 0 0 21.7765 
1127 0 0 0 783 0 0 0 21.783 
1128 0 0 0 783 0 0 0 21.7894 
1129 0 0 0 783 0 0 0 21.7958 
1130 0 0 0 783 0 0 0 21.8021 
1131 0 0 0 783 0 0 0 21.8085 
1132 0 0 0 783 0 0 0 21.8149 
1133 0 0 0.00174235 783 0 0 0 21.8212 
1134 0 0 0.00148612 783 0 0 0 21.8276 
1135 0 0 0.00225242 783 0 0 0 21.8339 
1136 0 0 0.0068708 783 0 0 0 21.8402 
1137 0 0 0.013046 783 0 0 0 21.8465 
1138 0 0 0.0195887 783 0 0 0 21.8528 
1139 0 0 0.0253336 783 0 0 0 21.8591 
1140 0 0 0.029831 783 0 0 0 21.8654 
1141 0 0 0.0333331 783 0 0 0 21.8717 
1142 0 0 0.0343541 783 0 0 0 21.8779 
1143 0 0 0.0331956 783 0 0 0 21.8842 
1144 0 0 0.0286968 783 0 0 0 21.8904 
1145 0 0 0.0231978 783 0 0 0 21.8966 
1146 0 0 0.0173114 783 0 0 0 21.9028 
1147 0 0 0.00652199 783 0 0 0 21.909 
1148 0 0 0.00303344 783 0 0 0 21.9152 
1149 0 0 0 783 0 0 0 21.9214 
1150 0 0 0 783 0 0 0 21.9276 
1150.6 2.41087 0 0 783 0 0 0 21.9337 
1152 0 0 0 783 0 0 0 21.9399 
1153 0 0 0 783 0 0 0 21.946 
1154 0 0 0 783 0 0 0 21.9522 
1155 0 0 0 783 0 0 0 21.9583 
1156 0 0 0 783 0 0 0 21.9644 
1157 0 0 0.00125731 783 0 0 0 21.9705 
1158 0 0 0.00186881 783 0 0 0 21.9766 
1159 0 0 0.00320551 783 0 0 0 21.9826 
1160 0 0 0.00779149 783 0 0 0 21.9887 
1161 0 0 0.0139525 783 0 0 0 21.9948 
1162 0 0 0.0203775 783 0 0 0 22.0008 
1163 0 0 0.026245 783 0 0 0 22.0068 
1164 0 0 0.0309615 783 0 0 0 22.0129 
1165 0 0 0.0345117 783 0 0 0 22.0189 
1166 0 0 0.0363629 783 0 0 0 22.0249 
1167 0 0 0.0355061 783 0 0 0 22.0309 
1168 0 0 0.0297524 783 0 0 0 22.0368 
1169 0 0 0.0240941 783 0 0 0 22.0428 
1170 0 0 0.0171248 783 0 0 0 22.0488 
1171 0 0 0.00722063 783 0 0 0 22.0547 
1172 0 0 0.00234819 783 0 0 0 22.0607 
1173 0 0 0 783 0 0 0 22.0666 
1174 0 0 0 783 0 0 0 22.0725 
1175 0 0 0 783 0 0 0 22.0784 
1176 0 0 0 783 0 0 0 22.0843 
1177 0 0 0 783 0 0 0 22.0902 
1178 0 0 0 783 0 0 0 22.0961 
1179 0 0 0 783 0 0 0 22.1019 
1180 0 0 0 783 0 0 0 22.1078 
1181 0 0 0.00121429 783 0 0 0 22.1136 
1182 0 0 0.00138273 783 0 0 0 22.1195 
1183 0 0 0.00269177 783 0 0 0 22.1253 
1184 0 0 0.00754509 783 0 0 0 22.1311 
1185 0 0 0.0135756 783 0 0 0 22.1369 
1186 0 0 0.0204267 783 0 0 0 22.1427 
1187 0 0 0.0256413 783 0 0 0 22.1485 
1188 0 0 0.0308921 783 0 0 0 22.1543 
1189 0 0 0.0339138 783 0 0 0 22.16 
1190 0 0 0.0278352 783 0 0 0 22.1658 
1191 0 0 0.0181875 783 0 0 0 22.1715 
1192 0 0 0.0144235 783 0 0 0 22.1773 
1193 0 0 0.0160219 783 0 0 0 22.183 
1194 0 0 0.0141934 783 0 0 0 22.1887 
1195 0 0 0.00470781 783 0 0 0 22.1944 
1196 0 0 0.00127614 783 0 0 0 22.2001 
1196.6 2.41087 0 0 783 0 0 0 22.2058 
1198 0 0 0 783 0 0 0 22.2115 
1199 0 0 0 783 0 0 0 22.2171 
1200 0 0 0 783 0 0 0 22.2228 
1201 0 0 0 783 0 0 0 22.2284 
1202 0 0 0 783 0 0 0 22.2341 
1203 0 0 0 783 0 0 0 22.2397 
1204 0 0 0 783 0 0 0 22.2453 
1205 0 0 0.00226981 783 0 0 0 22.2509 
1206 0 0 0.00137907 783 0 0 0 22.2565 
1207 0 0 0.00295747 783 0 0 0 22.2621 
1208 0 0 0.00900985 783 0 0 0 22.2676 
1209 0 0 0.0137514 783 0 0 0 22.2732 
1210 0 0 0.0196883 783 0 0 0 22.2788 
1211 0 0 0.0256997 783 0 0 0 22.2843 
1212 0 0 0.0312539 783 0 0 0 22.2898 
1213 0 0 0.0345017 783 0 0 0 22.2954 
1214 0 0 0.037121 783 0 0 0 22.3009 
1215 0 0 0.0345172 783 0 0 0 22.3064 
1216 0 0 0.0307978 783 0 0 0 22.3119 
1217 0 0 0.0276827 783 0 0 0 22.3173 
1218 0 0 0.0211395 783 0 0 0 22.3228 
1219 0 0 0.00984183 783 0 0 0 22.3283 
1220 0 0 4.5e-005 783 0 0 0 22.3337 
1221 0 0 0.00132287 783 0 0 0 22.3392 
1222 0 0 0 783 0 0 0 22.3446 
1223 0 0 0.00130987 783 0 0 0 22.35 
1224 0 0 0 783 0 0 0 22.3555 
1225 0 0 0 783 0 0 0 22.3609 
1226 0 0 0 783 0 0 0 22.3663 
1227 0 0 0 783 0 0 0 22.3716 
1228 0 0 0 783 0 0 0 22.377 
1229 0 0 0.00188645 783 0 0 0 22.3824 
1230 0 0 0.00154341 783 0 0 0 22.3877 
1231 0 0 0.00251527 783 0 0 0 22.3931 
1232 0 0 0.00630594 783 0 0 0 22.3984 
1233 0 0 0.0148213 783 0 0 0 22.4038 
1233.6 2.41087 0 0.0175361 783 0 0 0 22.4091 
1235 0 0 0.0265757 783 0 0 0 22.4144 
1236 0 0 0.032751 783 0 0 0 22.4197 
1237 0 0 0.037527 783 0 0 0 22.425 
1238 0 0 0.0297905 783 0 0 0 22.4302 
1239 0 0 0.0380543 783 0 0 0 22.4355 
1240 0 0 0.0330966 783 0 0 0 22.4408 
1241 0 0 0.0279745 783 0 0 0 22.446 
1242 0 0 0.0208193 783 0 0 0 22.4513 
1243 0 0 0.00940183 783 0 0 0 22.4565 
1244 0 0 0.00290347 783 0 0 0 22.4617 
1245 0 0 0 783 0 0 0 22.4669 
1246 0 0 0 783 0 0 0 22.4721 
1247 0 0 0 783 0 0 0 22.4773 
1248 0 0 0 783 0 0 0 22.4825 
1249 0 0 0 783 0 0 0 22.4877 
1250 0 0 0 783 0 0 0 22.4929 
1251 0 0 0 783 0 0 0 22.498 
1252 0 0 0 783 0 0 0 22.5032 
1253 0 0 0.00241366 783 0 0 0 22.5083 
1254 0 0 0.00205649 783 0 0 0 22.5134 
1255 0 0 0.00402289 783 0 0 0 22.5185 
1256 0 0 0.00836338 783 0 0 0 22.5236 
1257 0 0 0.0150309 783 0 0 0 22.5287 
1258 0 0 0.0216621 783 0 0 0 22.5338 
1258.6 2.41087 0 0.027903 783 0 0 0 22.5389 
1260 0 0 0.0339863 783 0 0 0 22.544 
1261 0 0 0.0380042 783 0 0 0 22.5491 
1262 0 0 0.0385834 783 0 0 0 22.5541 
1263 0 0 0.0386264 783 0 0 0 22.5591 
1264 0 0 0.0217326 783 0 0 0 22.5642 
1265 0 0 0.0138095 783 0 0 0 22.5692 
1266 0 0 0.0101924 783 0 0 0 22.5742 
1267 0 0 0.0029537 783 0 0 0 22.5792 
1268 0 0 0.000726888 783 0 0 0 22.5842 
1269 0 0 0 783 0 0 0 22.5892 
1270 0 0 0 783 0 0 0 22.5942 
1271 0 0 0 783 0 0 0 22.5992 
1272 0 0 0 783 0 0 0 22.6041 
1273 0 0 0 783 0 0 0 22.6091 
1274 0 0 0 783 0 0 0 22.614 
1275 0 0 0 783 0 0 0 22.6189 
1276 0 0 0 783 0 0 0 22.6239 
1277 0 0 0.00205643 783 0 0 0 22.6288 
1278 0 0 0.00137312 783 0 0 0 22.6337 
1279 0 0 0.00368354 783 0 0 0 22.6386 
1280 0 0 0.00851205 783 0 0 0 22.6435 
1281 0 0 0.0150716 783 0 0 0 22.6484 
1282 0 0 0.0221493 783 0 0 0 22.6532 
1283 0 0 0.0287881 783 0 0 0 22.6581 
1283.3 2.41087 0 0.0288093 783 0 0 0 22.6629 
1285 0 0 0.0383721 783 0 0 0 22.6678 
1286 0 0 0.0403881 783 0 0 0 22.6726 
1287 0 0 0.0390507 783 0 0 0 22.6774 
1288 0 0 0.0335389 783 0 0 0 22.6822 
1289 0 0 0.0268234 783 0 0 0 22.6871 
1290 0 0 0.0194213 783 0 0 0 22.6919 
1291 0 0 0.00510771 783 0 0 0 22.6966 
1292 0 0 0.00143046 783 0 0 0 22.7014 
1293 0 0 0 783 0 0 0 22.7062 
1294 0 0 0 783 0 0 0 22.711 
1295 0 0 0 783 0 0 0 22.7157 
1296 0 0 0 783 0 0 0 22.7204 
1297 0 0 0 783 0 0 0 22.7252 
1298 0 0 0 783 0 0 0 22.7299 
1299 0 0 0 783 0 0 0 22.7346 
1300 0 0 0 783 0 0 0 22.7393 
1301 0 0 0.00183049 783 0 0 0 22.744 
1302 0 0 0.00139918 783 0 0 0 22.7487 
1303 0 0 0.00262777 783 0 0 0 22.7534 
1304 0 0 0.00642193 783 0 0 0 22.7581 
1305 0 0 0.0121109 783 0 0 0 22.7627 
1306 0 0 0.0191442 783 0 0 0 22.7674 
1307 0 0 0.0257755 783 0 0 0 22.7721 
1308 0 0 0.0321717 783 0 0 0 22.7767 
1309 0 0 0.0362291 783 0 0 0 22.7813 
1310 0 0 0.0390085 783 0 0 0 22.7859 
1311 0 0 0.0375555 783 0 0 0 22.7906 
1312 0 0 0.0320798 783 0 0 0 22.7952 
1313 0 0 0.026298 783 0 0 0 22.7997 
1314 0 0 0.0201769 783 0 0 0 22.8043 
1315 0 0 0.0087166 783 0 0 0 22.8089 
1316 0 0 0.0025265 783 0 0 0 22.8135 
1317 0 0 0 783 0 0 0 22.818 
1318 0 0 0 783 0 0 0 22.8226 
1319 0 0 0 783 0 0 0 22.8271 
1320 0 0 0 783 0 0 0 22.8317 
1321 0 0 0 783 0 0 0 22.8362 
1322 0 0 0 783 0 0 0 22.8407 
1323 0 0 0 783 0 0 0 22.8452 
1324 0 0 0 783 0 0 0 22.8497 
1325 0 0 0.0015353 783 0 0 0 22.8542 
1326 0 0 0.00130921 783 0 0 0 22.8587 
1327 0 0 0.00249808 783 0 0 0 22.8632 
1328 0 0 0.00838766 783 0 0 0 22.8676 
1329 0 0 0.0162513 783 0 0 0 22.8721 
1330 0 0 0.019946 783 0 0 0 22.8765 
1330.6 2.41087 0 0.0298403 783 0 0 0 22.881 
1332 0 0 0.0356436 783 0 0 0 22.8854 
1333 0 0 0.0377497 783 0 0 0 22.8898 
1334 0 0 0.0424765 783 0 0 0 22.8943 
1335 0 0 0.0364025 783 0 0 0 22.8987 
1336 0 0 0.0363253 783 0 0 0 22.9031 
1337 0 0 0.0298998 783 0 0 0 22.9075 
1338 0 0 0.0253873 783 0 0 0 22.9118 
1339 0 0 0.0137658 783 0 0 0 22.9162 
1340 0 0 0.00897346 783 0 0 0 22.9206 
1341 0 0 0.00619449 783 0 0 0 22.9249 
1342 0 0 0.0046354 783 0 0 0 22.9293 
1343 0 0 0 783 0 0 0 22.9336 
1344 0 0 0 783 0 0 0 22.938 
1345 0 0 0.000971758 783 0 0 0 22.9423 
1346 0 0 0 783 0 0 0 22.9466 
1347 0 0 0 783 0 0 0 22.9509 
1348 0 0 0 783 0 0 0 22.9552 
1349 0 0 0.00221957 783 0 0 0 22.9595 
1350 0 0 0.00210562 783 0 0 0 22.9638 
1351 0 0 0.00242475 783 0 0 0 22.9681 
1352 0 0 0.00781069 783 0 0 0 22.9723 
1353 0 0 0.0155205 783 0 0 0 22.9766 
1354 0 0 0.0222569 783 0 0 0 22.9808 
1355 0 0 0.0281717 783 0 0 0 22.9851 
1356 0 0 0.0290993 783 0 0 0 22.9893 
1357 0 0 0.039456 783 0 0 0 22.9935 
1358 0 0 0.0404235 783 0 0 0 22.9978 
1359 0 0 0.0245221 783 0 0 0 23.002 
1360 0 0 0.0279597 783 0 0 0 23.0062 
1361 0 0 0.0294174 783 0 0 0 23.0104 
1362 0 0 0.0214184 783 0 0 0 23.0145 
1363 0 0 0.00750582 783 0 0 0 23.0187 
1364 0 0 0.00136784 783 0 0 0 23.0229 
1364.6 2.41087 0 0 783 0 0 0 23.0271 
1366 0 0 0 783 0 0 0 23.0312 
1367 0 0 0 783 0 0 0 23.0353 
1368 0 0 0 783 0 0 0 23.0395 
1369 0 0 0 783 0 0 0 23.0436 
1370 0 0 0 783 0 0 0 23.0477 
1371 0 0 0 783 0 0 0 23.0518 
1372 0 0 0 783 0 0 0 23.056 
1373 0 0 0.00150307 783 0 0 0 23.0601 
1374 0 0 0.00209904 783 0 0 0 23.0641 
1375 0 0 0.0031254 783 0 0 0 23.0682 
1376 0 0 0.00708158 783 0 0 0 23.0723 
1377 0 0 0.0149607 783 0 0 0 23.0764 
1378 0 0 0.0228145 783 0 0 0 23.0804 
1379 0 0 0.0292709 783 0 0 0 23.0845 
1380 0 0 0.0350875 783 0 0 0 23.0885 
1381 0 0 0.0384862 783 0 0 0 23.0926 
1382 0 0 0.0337438 783 0 0 0 23.0966 
1383 0 0 0.0254751 783 0 0 0 23.1006 
1384 0 0 0.0256396 783 0 0 0 23.1046 
1385 0 0 0.0115972 783 0 0 0 23.1086 
1386 0 0 0.00807332 783 0 0 0 23.1126 
1387 0 0 0.00588655 783 0 0 0 23.1166 
1388 0 0 0.000447784 783 0 0 0 23.1206 
1389 0 0 0 783 0 0 0 23.1245 
1390 0 0 0 783 0 0 0 23.1285 
1391 0 0 0 783 0 0 0 23.1325 
1392 0 0 0 783 0 0 0 23.1364 
1393 0 0 0 783 0 0 0 23.1404 
1394 0 0 0 783 0 0 0 23.1443 
1395 0 0 0 783 0 0 0 23.1482 
1396 0 0 0 783 0 0 0 23.1521 
1397 0 0 0.00126625 783 0 0 0 23.156 
1398 0 0 0.00125198 783 0 0 0 23.16 
1399 0 0 0.00238606 783 0 0 0 23.1638 
1400 0 0 0.00749093 783 0 0 0 23.1677 
1401 0 0 0.0150822 783 0 0 0 23.1716 
1402 0 0 0.0227231 783 0 0 0 23.1755 
1403 0 0 0.0308391 783 0 0 0 23.1794 
1404 0 0 0.0346601 783 0 0 0 23.1832 
1405 0 0 0.0406993 783 0 0 0 23.1871 
1406 0 0 0.0433349 783 0 0 0 23.1909 
1407 0 0 0.027617 783 0 0 0 23.1947 
1408 0 0 0.0230169 783 0 0 0 23.1986 
1409 0 0 0.0140789 783 0 0 0 23.2024 
1410 0 0 0.0220335 783 0 0 0 23.2062 
1411 0 0 0.00385555 783 0 0 0 23.21 
1412 0 0 0.000771194 783 0 0 0 23.2138 
1412.84 2.41087 0 0.00105887 783 0 0 0 23.2176 
1414 0 0 0.00279946 783 0 0 0 23.2214 
1415 0 0 0.0023947 783 0 0 0 23.2252 
1416 0 0 0.00240833 783 0 0 0 23.2289 
1417 0 0 0.00155393 783 0 0 0 23.2327 
1418 0 0 0.000707822 783 0 0 0 23.2364 
1419 0 0 0.000859238 783 0 0 0 23.2402 
1420 0 0 0 783 0 0 0 23.2439 
1421 0 0 0.00137655 783 0 0 0 23.2477 
1422 0 0 0.0013745 783 0 0 0 23.2514 
1423 0 0 0.00162862 783 0 0 0 23.2551 
1424 0 0 0.0026264 783 0 0 0 23.2588 
1425 0 0 0.0053811 783 0 0 0 23.2625 
1426 0 0 0.00965376 783 0 0 0 23.2662 
1427 0 0 0.0125677 783 0 0 0 23.2699 
1428 0 0 0.0151858 783 0 0 0 23.2736 
1429 0 0 0.0147226 783 0 0 0 23.2772 
1430 0 0 0.0144975 783 0 0 0 23.2809 
1431 0 0 0.0139942 783 0 0 0 23.2846 
1432 0 0 0.00899741 783 0 0 0 23.2882 
1433 0 0 0.00596569 783 0 0 0 23.2919 
1434 0 0 0.00261718 783 0 0 0 23.2955 
1435 0 0 0.000906685 783 0 0 0 23.2991 
1436 0 0 0 783 0 0 0 23.3028 
1437 0 0 0 783 0 0 0 23.3064 
1438 0 0 0 783 0 0 0 23.31 
1439 0 0 0 783 0 0 0 23.3136 
1440 0 0 0 783 0 0 0 23.3172 
1441 0 0 0 783 0 0 0 23.3208 
1442 0 0 0 783 0 0 0 23.3243 
1443 0 0 0 783 0 0 0 23.3279 
1444 0 0 0 783 0 0 0 23.3315 
1445 0 0 0.00148156 783 0 0 0 23.335 
1446 0 0 0.00131102 783 0 0 0 23.3386 
1447 0 0 0.00142114 783 0 0 0 23.3421 
1448 0 0 0.0021492 783 0 0 0 23.3457 
1449 0 0 0.00319466 783 0 0 0 23.3492 
1450 0 0 0.00512732 783 0 0 0 23.3527 
1451 0 0 0.00744848 783 0 0 0 23.3562 
1452 0 0 0.0117712 783 0 0 0 23.3598 
1453 0 0 0.0106251 783 0 0 0 23.3633 
1454 0 0 0.0104131 783 0 0 0 23.3668 
1455 0 0 0.00536604 783 0 0 0 23.3702 
1456 0 0 0.00567288 783 0 0 0 23.3737 
1457 0 0 0.00470081 783 0 0 0 23.3772 
1458 0 0 0.00161802 783 0 0 0 23.3807 
1459 0 0 0 783 0 0 0 23.3841 
1460 0 0 0 783 0 0 0 23.3876 
1461 0 0 0 783 0 0 0 23.391 
1462 0 0 0 783 0 0 0 23.3945 
1463 0 0 0 783 0 0 0 23.3979 
1464 0 0 0 783 0 0 0 23.4013 
1465 0 0 0 783 0 0 0 23.4048 
1466 0 0 0 783 0 0 0 23.4082 
1467 0 0 0 783 0 0 0 23.4116 
1468 0 0 0 783 0 0 0 23.415 
1469 0 0 0.00127335 783 0 0 0 23.4184 
1470 0 0 0.00172056 783 0 0 0 23.4218 
1471 0 0 0.00153424 783 0 0 0 23.4251 
1472 0 0 0.00220765 783 0 0 0 23.4285 
1473 0 0 0.0027538 783 0 0 0 23.4319 
1474 0 0 0.00375723 783 0 0 0 23.4352 
1475 0 0 0.00555322 783 0 0 0 23.4386 
1476 0 0 0.00679851 783 0 0 0 23.4419 
1477 0 0 0.0096127 783 0 0 0 23.4453 
1478 0 0 0.00991375 783 0 0 0 23.4486 
1479 0 0 0.00883642 783 0 0 0 23.4519 
1480 0 0 0.00940302 783 0 0 0 23.4552 
1481 0 0 0.00652969 783 0 0 0 23.4586 
1482 0 0 0.00325569 783 0 0 0 23.4619 
1483 0 0 0.000145816 783 0 0 0 23.4652 
1484 0 0 0 783 0 0 0 23.4685 
1485 0 0 0 783 0 0 0 23.4717 
1486 0 0 0 783 0 0 0 23.475 
1487 0 0 0 783 0 0 0 23.4783 
1488 0 0 0 783 0 0 0 23.4816 
1489 0 0 0 783 0 0 0 23.4848 
1490 0 0 0 783 0 0 0 23.4881 
1491 0 0 0 783 0 0 0 23.4913 
1492 0 0 0 783 0 0 0 23.4946 
1493 0 0 0.00142001 783 0 0 0 23.4978 
1494 0 0 0.00133653 783 0 0 0 23.501 
1495 0 0 0.00296563 783 0 0 0 23.5042 
1496 0 0 0.00897363 783 0 0 0 23.5074 
1497 0 0 0.0164953 783 0 0 0 23.5107 
1498 0 0 0.0248358 783 0 0 0 23.5139 
1499 0 0 0.0318878 783 0 0 0 23.517 
1500 0 0 0.0384814 783 0 0 0 23.5202 
1501 0 0 0.0434006 783 0 0 0 23.5234 
1502 0 0 0.044274 783 0 0 0 23.5266 
1503 0 0 0.03991 783 0 0 0 23.5298 
1504 0 0 0.0303227 783 0 0 0 23.5329 
1505 0 0 0.0173883 783 0 0 0 23.5361 
1506 0 0 0.0157017 783 0 0 0 23.5392 
1507 0 0 0.00273639 783 0 0 0 23.5424 
1508 0 0 0 783 0 0 0 23.5455 
1509 0 0 0 783 0 0 0 23.5486 
1510 0 0 0 783 0 0 0 23.5518 
1511 0 0 0 783 0 0 0 23.5549 
1512 0 0 0 783 0 0 0 23.558 
1513 0 0 0 783 0 0 0 23.5611 
1514 0 0 0 783 0 0 0 23.5642 
1515 0 0 0 783 0 0 0 23.5673 
1516 0 0 0 783 0 0 0 23.5704 
1517 0 0 0.00155064 783 0 0 0 23.5735 
1518 0 0 0.00136219 783 0 0 0 23.5765 
1519 0 0 0.00157 783 0 0 0 23.5796 
1520 0 0 0.00266864 783 0 0 0 23.5827 
1521 0 0 0.0040378 783 0 0 0 23.5857 
1522 0 0 0.00657483 783 0 0 0 23.5888 
1523 0 0 0.0165014 783 0 0 0 23.5918 
1524 0 0 0.0237296 783 0 0 0 23.5949 
1525 0 0 0.0378441 783 0 0 0 23.5979 
1526 0 0 0.0383576 783 0 0 0 23.6009 
1527 0 0 0.0252701 783 0 0 0 23.6039 
1528 0 0 0.0221133 783 0 0 0 23.6069 
1529 0 0 0.020961 783 0 0 0 23.6099 
1530 0 0 0.00982755 783 0 0 0 23.6129 
1531 0 0 0.00286591 783 0 0 0 23.6159 
1532 0 0 0.001399 783 0 0 0 23.6189 
1533 0 0 0 783 0 0 0 23.6219 
1534 0 0 0 783 0 0 0 23.6249 
1535 0 0 0 783 0 0 0 23.6279 
1536 0 0 0 783 0 0 0 23.6308 
1537 0 0 0 783 0 0 0 23.6338 
1538 0 0 0 783 0 0 0 23.6367 
1539 0 0 0 783 0 0 0 23.6397 
1540 0 0 0 783 0 0 0 23.6426 
1541 0 0 0.00151015 783 0 0 0 23.6455 
1542 0 0 0.00179253 783 0 0 0 23.6485 
1543 0 0 0.00258552 783 0 0 0 23.6514 
1544 0 0 0.00568818 783 0 0 0 23.6543 
1545 0 0 0.0126627 783 0 0 0 23.6572 
1546 0 0 0.0210837 783 0 0 0 23.6601 
1547 0 0 0.0185371 783 0 0 0 23.663 
1548 0 0 0.0305 783 0 0 0 23.6659 
1549 0 0 0.0433641 783 0 0 0 23.6688 
1550 0 0 0.0407767 783 0 0 0 23.6717 
1551 0 0 0.0372988 783 0 0 0 23.6746 
1552 0 0 0.0407767 783 0 0 0 23.6774 
1553 0 0 0.0372988 783 0 0 0 23.6803 
1554 0 0 0.0247144 783 0 0 0 23.6831 
1555 0 0 0.00807586 783 0 0 0 23.686 
1556 0 0 0.00181504 783 0 0 0 23.6888 
1556.84 2.41087 0 0 783 0 0 0 23.6917 
1558 0 0 0 783 0 0 0 23.6945 
1559 0 0 0 783 0 0 0 23.6973 
1560 0 0 0 783 0 0 0 23.7002 
1561 0 0 0 783 0 0 0 23.703 
1562 0 0 0 783 0 0 0 23.7058 
1563 0 0 0 783 0 0 0 23.7086 
1564 0 0 0 783 0 0 0 23.7114 
1565 0 0 0.00160134 783 0 0 0 23.7142 
1566 0 0 0.0016209 783 0 0 0 23.717 
1567 0 0 0.00258883 783 0 0 0 23.7198 
1568 0 0 0.00850785 783 0 0 0 23.7225 
1569 0 0 0.0166058 783 0 0 0 23.7253 
1570 0 0 0.0249023 783 0 0 0 23.7281 
1571 0 0 0.0324369 783 0 0 0 23.7308 
1572 0 0 0.0388554 783 0 0 0 23.7336 
1573 0 0 0.0441815 783 0 0 0 23.7363 
1574 0 0 0.0464022 783 0 0 0 23.7391 
1575 0 0 0.0454396 783 0 0 0 23.7418 
1576 0 0 0.0401057 783 0 0 0 23.7445 
1577 0 0 0.0357387 783 0 0 0 23.7473 
1578 0 0 0.00422669 783 0 0 0 23.75 
1579 0 0 0.00155387 783 0 0 0 23.7527 
1580 0 0 0.000568202 783 0 0 0 23.7554 
1581 0 0 0 783 0 0 0 23.7581 
1582 0 0 0 783 0 0 0 23.7608 
1583 0 0 0 783 0 0 0 23.7635 
1584 0 0 0 783 0 0 0 23.7662 
1585 0 0 0 783 0 0 0 23.7689 
1586 0 0 0 783 0 0 0 23.7715 
1587 0 0 0 783 0 0 0 23.7742 
1588 0 0 0 783 0 0 0 23.7769 
1589 0 0 0.00135665 783 0 0 0 23.7795 
1590 0 0 0.00135858 783 0 0 0 23.7822 
1591 0 0 0.00265788 783 0 0 0 23.7848 
1592 0 0 0.00865877 783 0 0 0 23.7875 
1593 0 0 0.0165757 783 0 0 0 23.7901 
1594 0 0 0.0246455 783 0 0 0 23.7927 
1595 0 0 0.0318431 783 0 0 0 23.7954 
1596 0 0 0.0384116 783 0 0 0 23.798 
1597 0 0 0.0435658 783 0 0 0 23.8006 
1598 0 0 0.0455967 783 0 0 0 23.8032 
1599 0 0 0.0439899 783 0 0 0 23.8058 
1600 0 0 0.0372489 783 0 0 0 23.8084 
1601 0 0 0.0304127 783 0 0 0 23.811 
1602 0 0 0.0221271 783 0 0 0 23.8136 
1603 0 0 0.00587889 783 0 0 0 23.8162 
1604 0 0 0.000246137 783 0 0 0 23.8188 
1605 0 0 0 783 0 0 0 23.8213 
1606 0 0 0 783 0 0 0 23.8239 
1607 0 0 0 783 0 0 0 23.8265 
1608 0 0 0 783 0 0 0 23.829 
1609 0 0 0 783 0 0 0 23.8316 
1610 0 0 0 783 0 0 0 23.8341 
1611 0 0 0 783 0 0 0 23.8366 
1612 0 0 0 783 0 0 0 23.8392 
1613 0 0 0.00137174 783 0 0 0 23.8417 
1614 0 0 0.00138548 783 0 0 0 23.8442 
1615 0 0 0.00210073 783 0 0 0 23.8468 
1616 0 0 0.00471672 783 0 0 0 23.8493 
1617 0 0 0.0100393 783 0 0 0 23.8518 
1618 0 0 0.0123051 783 0 0 0 23.8543 
1619 0 0 0.0104416 783 0 0 0 23.8568 
1620 0 0 0.0116537 783 0 0 0 23.8593 
1621 0 0 0.0134596 783 0 0 0 23.8618 
1622 0 0 0.0200811 783 0 0 0 23.8642 
1623 0 0 0.0169873 783 0 0 0 23.8667 
1624 0 0 0.0113597 783 0 0 0 23.8692 
1625 0 0 0.0112874 783 0 0 0 23.8717 
1626 0 0 0.00520016 783 0 0 0 23.8741 
1627 0 0 0 783 0 0 0 23.8766 
1628 0 0 0 783 0 0 0 23.879 
1629 0 0 0 783 0 0 0 23.8815 
1630 0 0 0 783 0 0 0 23.8839 
1631 0 0 0 783 0 0 0 23.8864 
1632 0 0 0 783 0 0 0 23.8888 
1633 0 0 0 783 0 0 0 23.8912 
1634 0 0 0 783 0 0 0 23.8936 
1635 0 0 0 783 0 0 0 23.8961 
1636 0 0 0 783 0 0 0 23.8985 
1637 0 0 0.00136646 783 0 0 0 23.9009 
1638 0 0 0.00136847 783 0 0 0 23.9033 
1639 0 0 0.00146927 783 0 0 0 23.9057 
1640 0 0 0.00260736 783 0 0 0 23.9081 
1641 0 0 0.00460237 783 0 0 0 23.9104 
1642 0 0 0.0101155 783 0 0 0 23.9128 
1643 0 0 0.0158519 783 0 0 0 23.9152 
1644 0 0 0.0300269 783 0 0 0 23.9176 
1645 0 0 0.0414591 783 0 0 0 23.9199 
1646 0 0 0.0420648 783 0 0 0 23.9223 
1647 0 0 0.0407325 783 0 0 0 23.9247 
1648 0 0 0.0352902 783 0 0 0 23.927 
1649 0 0 0.0298891 783 0 0 0 23.9294 
1650 0 0 0.00571879 783 0 0 0 23.9317 
1651 0 0 0.00293373 783 0 0 0 23.934 
1652 0 0 0.000611097 783 0 0 0 23.9364 
1653 0 0 0 783 0 0 0 23.9387 
1654 0 0 0 783 0 0 0 23.941 
1655 0 0 0 783 0 0 0 23.9433 
1656 0 0 0 783 0 0 0 23.9457 
1657 0 0 0 783 0 0 0 23.948 
1658 0 0 0 783 0 0 0 23.9503 
1659 0 0 0 783 0 0 0 23.9526 
1660 0 0 0 783 0 0 0 23.9549 
1661 0 0 0.00146298 783 0 0 0 23.9571 
1662 0 0 0.00153934 783 0 0 0 23.9594 
1663 0 0 0.00286554 783 0 0 0 23.9617 
1664 0 0 0.00924108 783 0 0 0 23.964 
1665 0 0 0.0177256 783 0 0 0 23.9662 
1666 0 0 0.0263002 783 0 0 0 23.9685 
1666.84 2.41087 0 0.0339096 783 0 0 0 23.9708 
1668 0 0 0.0405827 783 0 0 0 23.973 
1669 0 0 0.0457955 783 0 0 0 23.9753 
1670 0 0 0.0475489 783 0 0 0 23.9775 
1671 0 0 0.0459057 783 0 0 0 23.9798 
1672 0 0 0.0393973 783 0 0 0 23.982 
1673 0 0 0.032301 783 0 0 0 23.9842 
1674 0 0 0.0250293 783 0 0 0 23.9865 
1675 0 0 0.0106708 783 0 0 0 23.9887 
1676 0 0 0.00396573 783 0 0 0 23.9909 
1677 0 0 0 783 0 0 0 23.9931 
1678 0 0 0 783 0 0 0 23.9953 
1679 0 0 0 783 0 0 0 23.9975 
1680 0 0 0 783 0 0 0 23.9997 
1681 0 0 0 783 0 0 0 24.0019 
1682 0 0 0 783 0 0 0 24.0041 
1683 0 0 0 783 0 0 0 24.0063 
1684 0 0 0 783 0 0 0 24.0085 
1685 0 0 0.00141797 783 0 0 0 24.0107 
1686 0 0 0.00140984 783 0 0 0 24.0128 
1687 0 0 0.00214465 783 0 0 0 24.015 
1688 0 0 0.00767183 783 0 0 0 24.0172 
1689 0 0 0.016863 783 0 0 0 24.0193 
1690 0 0 0.0249716 783 0 0 0 24.0215 
1691 0 0 0.0325455 783 0 0 0 24.0236 
1692 0 0 0.0390903 783 0 0 0 24.0258 
1693 0 0 0.0450178 783 0 0 0 24.0279 
1694 0 0 0.048217 783 0 0 0 24.03 
1695 0 0 0.0381819 783 0 0 0 24.0322 
1696 0 0 0.0232489 783 0 0 0 24.0343 
1697 0 0 0.0147676 783 0 0 0 24.0364 
1698 0 0 0.0191286 783 0 0 0 24.0385 
1699 0 0 0.00747997 783 0 0 0 24.0406 
1700 0 0 0 783 0 0 0 24.0427 
1700.84 2.41087 0 0 783 0 0 0 24.0449 
1702 0 0 0 783 0 0 0 24.047 
1703 0 0 0 783 0 0 0 24.049 
1704 0 0 0 783 0 0 0 24.0511 
1705 0 0 0 783 0 0 0 24.0532 
1706 0 0 0 783 0 0 0 24.0553 
1707 0 0 0 783 0 0 0 24.0574 
1708 0 0 0 783 0 0 0 24.0595 
1709 0 0 0.00167068 783 0 0 0 24.0615 
1710 0 0 0.00166673 783 0 0 0 24.0636 
1711 0 0 0.00240211 783 0 0 0 24.0656 
1712 0 0 0.00387208 783 0 0 0 24.0677 
1713 0 0 0.00581032 783 0 0 0 24.0698 
1714 0 0 0.00658619 783 0 0 0 24.0718 
1715 0 0 0.00783964 783 0 0 0 24.0738 
1716 0 0 0.00977248 783 0 0 0 24.0759 
1717 0 0 0.0129376 783 0 0 0 24.0779 
1718 0 0 0.00954552 783 0 0 0 24.0799 
1719 0 0 0.0103165 783 0 0 0 24.082 
1720 0 0 0.00727742 783 0 0 0 24.084 
1721 0 0 0.00773647 783 0 0 0 24.086 
1722 0 0 0.00518747 783 0 0 0 24.088 
1723 0 0 0.00136541 783 0 0 0 24.09 
1724 0 0 0 783 0 0 0 24.092 
1725 0 0 0 783 0 0 0 24.094 
1726 0 0 0 783 0 0 0 24.096 
1727 0 0 0 783 0 0 0 24.098 
1728 0 0 0 783 0 0 0 24.1 
1729 0 0 0 783 0 0 0 24.102 
1730 0 0 0 783 0 0 0 24.104 
1731 0 0 0 783 0 0 0 24.1059 
1732 0 0 0 783 0 0 0 24.1079 
1733 0 0 0.00146317 783 0 0 0 24.1099 
1734 0 0 0.00155743 783 0 0 0 24.1118 
1735 0 0 0.00244758 783 0 0 0 24.1138 
1736 0 0 0.00947998 783 0 0 0 24.1157 
1737 0 0 0.0157974 783 0 0 0 24.1177 
1738 0 0 0.0230605 783 0 0 0 24.1196 
1739 0 0 0.0343889 783 0 0 0 24.1216 
1740 0 0 0.0408741 783 0 0 0 24.1235 
1741 0 0 0.0460247 783 0 0 0 24.1255 
1742 0 0 0.047952 783 0 0 0 24.1274 
1743 0 0 0.0452129 783 0 0 0 24.1293 
1744 0 0 0.0386006 783 0 0 0 24.1312 
1745 0 0 0.0273053 783 0 0 0 24.1331 
1746 0 0 0.00708649 783 0 0 0 24.1351 
1747 0 0 0.00163435 783 0 0 0 24.137 
1748 0 0 0 783 0 0 0 24.1389 
1749 0 0 0 783 0 0 0 24.1408 
1750 0 0 0 783 0 0 0 24.1427 
1751 0 0 0 783 0 0 0 24.1446 
1752 0 0 0 783 0 0 0 24.1464 
1753 0 0 0 783 0 0 0 24.1483 
1754 0 0 0 783 0 0 0 24.1502 
1755 0 0 0 783 0 0 0 24.1521 
1756 0 0 0 783 0 0 0 24.154 
1757 0 0 0.00181018 783 0 0 0 24.1558 
1758 0 0 0.00213026 783 0 0 0 24.1577 
1759 0 0 0.00327918 783 0 0 0 24.1595 
1760 0 0 0.00958965 783 0 0 0 24.1614 
1761 0 0 0.0143657 783 0 0 0 24.1633 
1762 0 0 0.0217268 783 0 0 0 24.1651 
1763 0 0 0.0195938 783 0 0 0 24.167 
1764 0 0 0.0341185 783 0 0 0 24.1688 
1765 0 0 0.0247413 783 0 0 0 24.1706 
1766 0 0 0.034537 783 0 0 0 24.1725 
1767 0 0 0.0414751 783 0 0 0 24.1743 
1768 0 0 0.0284843 783 0 0 0 24.1761 
1769 0 0 0.0127193 783 0 0 0 24.1779 
1770 0 0 0.00530868 783 0 0 0 24.1797 
1771 0 0 0 783 0 0 0 24.1816 
1772 0 0 0 783 0 0 0 24.1834 
1773 0 0 0.00388509 783 0 0 0 24.1852 
1774 0 0 0.00531569 783 0 0 0 24.187 
1775 0 0 0.00180087 783 0 0 0 24.1888 
1776 0 0 0 783 0 0 0 24.1906 
1777 0 0 0 783 0 0 0 24.1924 
1778 0 0 0 783 0 0 0 24.1941 
1779 0 0 0 783 0 0 0 24.1959 
1780 0 0 0 783 0 0 0 24.1977 
1781 0 0 0.0014086 783 0 0 0 24.1995 
1782 0 0 0.00141559 783 0 0 0 24.2013 
1783 0 0 0.0015515 783 0 0 0 24.203 
1784 0 0 0.00251763 783 0 0 0 24.2048 
1785 0 0 0.00486003 783 0 0 0 24.2065 
1786 0 0 0.00591023 783 0 0 0 24.2083 
1787 0 0 0.00960561 783 0 0 0 24.21 
1788 0 0 0.0141751 783 0 0 0 24.2118 
1789 0 0 0.0295 783 0 0 0 24.2135 
1790 0 0 0.0311651 783 0 0 0 24.2153 
1791 0 0 0.035 783 0 0 0 24.217 
1792 0 0 0.0305801 783 0 0 0 24.2188 
1793 0 0 0.0131253 783 0 0 0 24.2205 
1794 0 0 0.0168226 783 0 0 0 24.2222 
1795 0 0 0.00100842 783 0 0 0 24.2239 
1796 0 0 0 783 0 0 0 24.2256 
1796.84 2.41087 0 0 783 0 0 0 24.2274 
1798 0 0 0 783 0 0 0 24.2291 
1799 0 0 0 783 0 0 0 24.2308 
1800 0 0 0 783 0 0 0 24.2325 
1801 0 0 0 783 0 0 0 24.2342 
1802 0 0 0 783 0 0 0 24.2359 
1803 0 0 0 783 0 0 0 24.2376 
1804 0 0 0 783 0 0 0 24.2393 
1805 0 0 0.00142278 783 0 0 0 24.2409 
1806 0 0 0.00142082 783 0 0 0 24.2426 
1807 0 0 0.00167439 783 0 0 0 24.2443 
1808 0 0 0.00330987 783 0 0 0 24.246 
1809 0 0 0.00869246 783 0 0 0 24.2477 
1810 0 0 0.0105919 783 0 0 0 24.2493 
1811 0 0 0.013979 783 0 0 0 24.251 
1812 0 0 0.02339 783 0 0 0 24.2526 
1813 0 0 0.0167676 783 0 0 0 24.2543 
1814 0 0 0.016089 783 0 0 0 24.256 
1815 0 0 0.0196584 783 0 0 0 24.2576 
1816 0 0 0.0165908 783 0 0 0 24.2593 
1817 0 0 0.00962973 783 0 0 0 24.2609 
1818 0 0 0.0102437 783 0 0 0 24.2625 
1819 0 0 0.00881094 783 0 0 0 24.2642 
1820 0 0 0.00204559 783 0 0 0 24.2658 
1821 0 0 0 783 0 0 0 24.2674 
1822 0 0 0 783 0 0 0 24.2691 
1823 0 0 0 783 0 0 0 24.2707 
1824 0 0 0 783 0 0 0 24.2723 
1825 0 0 0 783 0 0 0 24.2739 
1826 0 0 0 783 0 0 0 24.2755 
1827 0 0 0 783 0 0 0 24.2771 
1828 0 0 0 783 0 0 0 24.2787 
1829 0 0 0.00178881 783 0 0 0 24.2803 
1830 0 0 0.00176837 783 0 0 0 24.2819 
1831 0 0 0.00293284 783 0 0 0 24.2835 
1832 0 0 0.00784473 783 0 0 0 24.2851 
1833 0 0 0.0159621 783 0 0 0 24.2867 
1834 0 0 0.0243174 783 0 0 0 24.2883 
1835 0 0 0.0343278 783 0 0 0 24.2899 
1836 0 0 0.0414674 783 0 0 0 24.2914 
1837 0 0 0.0466648 783 0 0 0 24.293 
1838 0 0 0.0487518 783 0 0 0 24.2946 
1839 0 0 0.0187687 783 0 0 0 24.2962 
1840 0 0 0.0185513 783 0 0 0 24.2977 
1841 0 0 0.014811 783 0 0 0 24.2993 
1842 0 0 0.0153303 783 0 0 0 24.3008 
1843 0 0 0.00903428 783 0 0 0 24.3024 
1844 0 0 0.00172557 783 0 0 0 24.3039 
1845 0 0 0 783 0 0 0 24.3055 
1846 0 0 0 783 0 0 0 24.307 
1847 0 0 0 783 0 0 0 24.3086 
1848 0 0 0 783 0 0 0 24.3101 
1849 0 0 0 783 0 0 0 24.3116 
1850 0 0 0 783 0 0 0 24.3132 
1851 0 0 0 783 0 0 0 24.3147 
1852 0 0 0 783 0 0 0 24.3162 
1853 0 0 0.00262339 783 0 0 0 24.3177 
1854 0 0 0.00316337 783 0 0 0 24.3193 
1855 0 0 0.00313529 783 0 0 0 24.3208 
1856 0 0 0.00821027 783 0 0 0 24.3223 
1857 0 0 0.0182068 783 0 0 0 24.3238 
1858 0 0 0.0271699 783 0 0 0 24.3253 
1859 0 0 0.0358363 783 0 0 0 24.3268 
1860 0 0 0.0429732 783 0 0 0 24.3283 
1861 0 0 0.049083 783 0 0 0 24.3298 
1862 0 0 0.0505684 783 0 0 0 24.3313 
1863 0 0 0.0412007 783 0 0 0 24.3328 
1864 0 0 0.0208674 783 0 0 0 24.3342 
1865 0 0 0.0201777 783 0 0 0 24.3357 
1866 0 0 0.0214631 783 0 0 0 24.3372 
1866.84 2.41087 0 0.00672012 783 0 0 0 24.3387 
1868 0 0 0.00207688 783 0 0 0 24.3401 
1869 0 0 0 783 0 0 0 24.3416 
1870 0 0 0 783 0 0 0 24.3431 
1871 0 0 0 783 0 0 0 24.3445 
1872 0 0 0 783 0 0 0 24.346 
1873 0 0 0 783 0 0 0 24.3475 
1874 0 0 0 783 0 0 0 24.3489 
1875 0 0 0 783 0 0 0 24.3504 
1876 0 0 0 783 0 0 0 24.3518 
1877 0 0 0.00400564 783 0 0 0 24.3532 
1878 0 0 0.00353669 783 0 0 0 24.3547 
1879 0 0 0.00395901 783 0 0 0 24.3561 
1880 0 0 0.00899729 783 0 0 0 24.3575 
1881 0 0 0.0191555 783 0 0 0 24.359 
1882 0 0 0.0284106 783 0 0 0 24.3604 
1883 0 0 0.0371006 783 0 0 0 24.3618 
1884 0 0 0.0443526 783 0 0 0 24.3633 
1885 0 0 0.0495598 783 0 0 0 24.3647 
1886 0 0 0.0524229 783 0 0 0 24.3661 
1887 0 0 0.0495696 783 0 0 0 24.3675 
1888 0 0 0.0419351 783 0 0 0 24.3689 
1889 0 0 0.0336202 783 0 0 0 24.3703 
1890 0 0 0.0237621 783 0 0 0 24.3717 
1891 0 0 0.00688951 783 0 0 0 24.3731 
1892 0 0 1.14e-005 783 0 0 0 24.3745 
1893 0 0 0 783 0 0 0 24.3759 
1894 0 0 0 783 0 0 0 24.3773 
1895 0 0 0 783 0 0 0 24.3787 
1896 0 0 0 783 0 0 0 24.3801 
1897 0 0 0 783 0 0 0 24.3815 
1898 0 0 0 783 0 0 0 24.3828 
1899 0 0 0 783 0 0 0 24.3842 
1900 0 0 0 783 0 0 0 24.3856 
1901 0 0 0.00210326 783 0 0 0 24.3869 
1902 0 0 0.0026679 783 0 0 0 24.3883 
1903 0 0 0.00351038 783 0 0 0 24.3897 
1904 0 0 0.00762591 783 0 0 0 24.391 
1905 0 0 0.0190254 783 0 0 0 24.3924 
1906 0 0 0.028803 783 0 0 0 24.3937 
1907 0 0 0.0373881 783 0 0 0 24.3951 
1908 0 0 0.0440724 783 0 0 0 24.3965 
1909 0 0 0.0507775 783 0 0 0 24.3978 
1910 0 0 0.0531181 783 0 0 0 24.3991 
1911 0 0 0.0503444 783 0 0 0 24.4005 
1912 0 0 0.042358 783 0 0 0 24.4018 
1913 0 0 0.0339561 783 0 0 0 24.4032 
1914 0 0 0.0243752 783 0 0 0 24.4045 
1915 0 0 0.00682363 783 0 0 0 24.4058 
1916 0 0 0.00098279 783 0 0 0 24.4071 
1917 0 0 0 783 0 0 0 24.4085 
1917.84 2.41087 0 0 783 0 0 0 24.4098 
1919 0 0 0 783 0 0 0 24.4111 
1920 0 0 0 783 0 0 0 24.4124 
1921 0 0 0 783 0 0 0 24.4137 
1922 0 0 0 783 0 0 0 24.415 
1923 0 0 0 783 0 0 0 24.4163 
1924 0 0 0 783 0 0 0 24.4176 
1925 0 0 0.00171148 783 0 0 0 24.4189 
1926 0 0 0.0017728 783 0 0 0 24.4202 
1927 0 0 0.00277561 783 0 0 0 24.4215 
1928 0 0 0.00750454 783 0 0 0 24.4228 
1929 0 0 0.018366 783 0 0 0 24.4241 
1930 0 0 0.0284506 783 0 0 0 24.4254 
1931 0 0 0.0369737 783 0 0 0 24.4267 
1932 0 0 0.0447407 783 0 0 0 24.428 
1933 0 0 0.0506334 783 0 0 0 24.4292 
1934 0 0 0.053371 783 0 0 0 24.4305 
1935 0 0 0.0498127 783 0 0 0 24.4318 
1936 0 0 0.0413084 783 0 0 0 24.4331 
1937 0 0 0.0334099 783 0 0 0 24.4343 
1938 0 0 0.025688 783 0 0 0 24.4356 
1939 0 0 0.0119561 783 0 0 0 24.4368 
1940 0 0 0.00560732 783 0 0 0 24.4381 
1941 0 0 0.00208718 783 0 0 0 24.4394 
1942 0 0 0.00215941 783 0 0 0 24.4406 
1943 0 0 0.000841012 783 0 0 0 24.4419 
1944 0 0 0 783 0 0 0 24.4431 
1945 0 0 0 783 0 0 0 24.4443 
1946 0 0 0 783 0 0 0 24.4456 
1947 0 0 0 783 0 0 0 24.4468 
1948 0 0 0 783 0 0 0 24.4481 
1949 0 0 0.0017407 783 0 0 0 24.4493 
1950 0 0 0.00190758 783 0 0 0 24.4505 
1951 0 0 0.00307957 783 0 0 0 24.4518 
1952 0 0 0.00758659 783 0 0 0 24.453 
1952.84 2.41087 0 0.0182913 783 0 0 0 24.4542 
1954 0 0 0.0281818 783 0 0 0 24.4554 
1955 0 0 0.0367038 783 0 0 0 24.4566 
1956 0 0 0.0442689 783 0 0 0 24.4579 
1957 0 0 0.0501467 783 0 0 0 24.4591 
1958 0 0 0.0521673 783 0 0 0 24.4603 
1959 0 0 0.0501178 783 0 0 0 24.4615 
1960 0 0 0.0435809 783 0 0 0 24.4627 
1961 0 0 0.0362772 783 0 0 0 24.4639 
1962 0 0 0.0279615 783 0 0 0 24.4651 
1963 0 0 0.0134847 783 0 0 0 24.4663 
1964 0 0 0.00639973 783 0 0 0 24.4675 
1965 0 0 0.00172027 783 0 0 0 24.4687 
1966 0 0 0.00228193 783 0 0 0 24.4699 
1967 0 0 0.00279283 783 0 0 0 24.471 
1968 0 0 0.000220466 783 0 0 0 24.4722 
1969 0 0 0 783 0 0 0 24.4734 
1970 0 0 0 783 0 0 0 24.4746 
1971 0 0 0 783 0 0 0 24.4758 
1972 0 0 0 783 0 0 0 24.4769 
1973 0 0 0.00216885 783 0 0 0 24.4781 
1974 0 0 0.00179902 783 0 0 0 24.4793 
1975 0 0 0.00243705 783 0 0 0 24.4804 
1976 0 0 0.00729003 783 0 0 0 24.4816 
1977 0 0 0.017998 783 0 0 0 24.4828 
1978 0 0 0.0276296 783 0 0 0 24.4839 
1979 0 0 0.0362093 783 0 0 0 24.4851 
1980 0 0 0.0434732 783 0 0 0 24.4862 
1981 0 0 0.0495254 783 0 0 0 24.4874 
1982 0 0 0.0523053 783 0 0 0 24.4885 
1983 0 0 0.0499165 783 0 0 0 24.4897 
1984 0 0 0.0428201 783 0 0 0 24.4908 
1985 0 0 0.034849 783 0 0 0 24.4919 
1986 0 0 0.0264147 783 0 0 0 24.4931 
1987 0 0 0.0114456 783 0 0 0 24.4942 
1988 0 0 0.00241121 783 0 0 0 24.4954 
1989 0 0 0.000741955 783 0 0 0 24.4965 
1990 0 0 0.00280813 783 0 0 0 24.4976 
1990.84 2.41087 0 0.00221293 783 0 0 0 24.4987 
1992 0 0 0.00282598 783 0 0 0 24.4999 
1993 0 0 0.00190357 783 0 0 0 24.501 
1994 0 0 0 783 0 0 0 24.5021 
1995 0 0 0 783 0 0 0 24.5032 
1996 0 0 0 783 0 0 0 24.5043 
1997 0 0 0.00156835 783 0 0 0 24.5054 
1998 0 0 0.00174585 783 0 0 0 24.5065 
1999 0 0 0.00235563 783 0 0 0 24.5076 
2000 0 0 0.00648823 783 0 0 0 24.5088 
2001 0 0 0.0169652 783 0 0 0 24.5099 
2002 0 0 0.0261657 783 0 0 0 24.511 
2003 0 0 0.0347897 783 0 0 0 24.512 
2004 0 0 0.0425041 783 0 0 0 24.5131 
2005 0 0 0.0486572 783 0 0 0 24.5142 
2006 0 0 0.0511252 783 0 0 0 24.5153 
2007 0 0 0.050604 783 0 0 0 24.5164 
2008 0 0 0.0390907 783 0 0 0 24.5175 
2009 0 0 0.0184121 783 0 0 0 24.5186 
2010 0 0 0.0120325 783 0 0 0 24.5196 
2011 0 0 0.00320342 783 0 0 0 24.5207 
2012 0 0 0.00280968 783 0 0 0 24.5218 
2013 0 0 0.000392243 783 0 0 0 24.5229 
2014 0 0 0 783 0 0 0 24.5239 
2015 0 0 0 783 0 0 0 24.525 
2016 0 0 0 783 0 0 0 24.5261 
2017 0 0 0 783 0 0 0 24.5271 
2018 0 0 0 783 0 0 0 24.5282 
2019 0 0 0 783 0 0 0 24.5293 
2020 0 0 0 783 0 0 0 24.5303 
2021 0 0 0.00155901 783 0 0 0 24.5314 
2022 0 0 0.00157038 783 0 0 0 24.5324 
2023 0 0 0.00231254 783 0 0 0 24.5335 
2024 0 0 0.00627745 783 0 0 0 24.5345 
2025 0 0 0.0171344 783 0 0 0 24.5356 
2026 0 0 0.0266731 783 0 0 0 24.5366 
2027 0 0 0.0357548 783 0 0 0 24.5376 
2028 0 0 0.043663 783 0 0 0 24.5387 
2029 0 0 0.0496511 783 0 0 0 24.5397 
2030 0 0 0.0530552 783 0 0 0 24.5407 
2031 0 0 0.0227183 783 0 0 0 24.5418 
2032 0 0 0.0369625 783 0 0 0 24.5428 
2033 0 0 0.0247819 783 0 0 0 24.5438 
2034 0 0 0.00789935 783 0 0 0 24.5448 
2035 0 0 0.00317887 783 0 0 0 24.5459 
2036 0 0 0 783 0 0 0 24.5469 
2037 0 0 0 783 0 0 0 24.5479 
2038 0 0 0 783 0 0 0 24.5489 
2039 0 0 0 783 0 0 0 24.5499 
2040 0 0 0 783 0 0 0 24.5509 
2041 0 0 0 783 0 0 0 24.5519 
2042 0 0 0 783 0 0 0 24.5529 
2043 0 0 0 783 0 0 0 24.554 
2044 0 0 0 783 0 0 0 24.555 
2045 0 0 0.00162099 783 0 0 0 24.556 
2046 0 0 0.00209696 783 0 0 0 24.5569 
2047 0 0 0.00227635 783 0 0 0 24.5579 
2048 0 0 0.00720838 783 0 0 0 24.5589 
2048.84 2.41087 0 0.0184034 783 0 0 0 24.5599 
2050 0 0 0.0298702 783 0 0 0 24.5609 
2051 0 0 0.0371105 783 0 0 0 24.5619 
2052 0 0 0.0446848 783 0 0 0 24.5629 
2053 0 0 0.0501847 783 0 0 0 24.5639 
2054 0 0 0.0518861 783 0 0 0 24.5648 
2055 0 0 0.0488861 783 0 0 0 24.5658 
2056 0 0 0.045364 783 0 0 0 24.5668 
2057 0 0 0.0358353 783 0 0 0 24.5678 
2058 0 0 0.0240762 783 0 0 0 24.5687 
2059 0 0 0.0067139 783 0 0 0 24.5697 
2060 0 0 0 783 0 0 0 24.5707 
2061 0 0 0 783 0 0 0 24.5716 
2062 0 0 0 783 0 0 0 24.5726 
2063 0 0 0 783 0 0 0 24.5736 
2064 0 0 0 783 0 0 0 24.5745 
2065 0 0 0 783 0 0 0 24.5755 
2066 0 0 0 783 0 0 0 24.5764 
2067 0 0 0 783 0 0 0 24.5774 
2068 0 0 0 783 0 0 0 24.5783 
2069 0 0 0.00216619 783 0 0 0 24.5793 
2070 0 0 0.00173875 783 0 0 0 24.5802 
2071 0 0 0.00248618 783 0 0 0 24.5812 
2072 0 0 0.00650567 783 0 0 0 24.5821 
2073 0 0 0.0177921 783 0 0 0 24.583 
2074 0 0 0.0280076 783 0 0 0 24.584 
2075 0 0 0.0373876 783 0 0 0 24.5849 
2076 0 0 0.0442778 783 0 0 0 24.5858 
2077 0 0 0.0500156 783 0 0 0 24.5868 
2078 0 0 0.0537833 783 0 0 0 24.5877 
2079 0 0 0.0541331 783 0 0 0 24.5886 
2080 0 0 0.044283 783 0 0 0 24.5896 
2081 0 0 0.0261247 783 0 0 0 24.5905 
2082 0 0 0.0238219 783 0 0 0 24.5914 
2083 0 0 0.00752422 783 0 0 0 24.5923 
2084 0 0 0.000511056 783 0 0 0 24.5932 
2084.84 2.41087 0 0 783 0 0 0 24.5942 
2086 0 0 0 783 0 0 0 24.5951 
2087 0 0 0 783 0 0 0 24.596 
2088 0 0 0 783 0 0 0 24.5969 
2089 0 0 0 783 0 0 0 24.5978 
2090 0 0 0 783 0 0 0 24.5987 
2091 0 0 0 783 0 0 0 24.5996 
2092 0 0 0 783 0 0 0 24.6005 
2093 0 0 0.00290287 783 0 0 0 24.6014 
2094 0 0 0.00249246 783 0 0 0 24.6023 
2095 0 0 0.00233054 783 0 0 0 24.6032 
2096 0 0 0.00604831 783 0 0 0 24.6041 
2097 0 0 0.0178439 783 0 0 0 24.605 
2098 0 0 0.0279545 783 0 0 0 24.6059 
2099 0 0 0.0373162 783 0 0 0 24.6067 
2100 0 0 0.0449522 783 0 0 0 24.6076 
2101 0 0 0.0508664 783 0 0 0 24.6085 
2102 0 0 0.0522181 783 0 0 0 24.6094 
2103 0 0 0.0496529 783 0 0 0 24.6103 
2104 0 0 0.0432648 783 0 0 0 24.6111 
2105 0 0 0.0352475 783 0 0 0 24.612 
2106 0 0 0.0262447 783 0 0 0 24.6129 
2107 0 0 0.00991335 783 0 0 0 24.6138 
2108 0 0 4.04e-005 783 0 0 0 24.6146 
2108.84 2.41087 0 0 783 0 0 0 24.6155 
2110 0 0 0 783 0 0 0 24.6164 
2111 0 0 0 783 0 0 0 24.6172 
2112 0 0 0 783 0 0 0 24.6181 
2113 0 0 0 783 0 0 0 24.619 
2114 0 0 0 783 0 0 0 24.6198 
2115 0 0 0 783 0 0 0 24.6207 
2116 0 0 0 783 0 0 0 24.6215 
2117 0 0 0.00193735 783 0 0 0 24.6224 
2118 0 0 0.00181049 783 0 0 0 24.6232 
2119 0 0 0.00215555 783 0 0 0 24.6241 
2120 0 0 0.00571845 783 0 0 0 24.6249 
2121 0 0 0.017733 783 0 0 0 24.6258 
2122 0 0 0.0269048 783 0 0 0 24.6266 
2123 0 0 0.0381869 783 0 0 0 24.6274 
2124 0 0 0.0453321 783 0 0 0 24.6283 
2125 0 0 0.0524149 783 0 0 0 24.6291 
2126 0 0 0.0548885 783 0 0 0 24.63 
2127 0 0 0.0512351 783 0 0 0 24.6308 
2128 0 0 0.0438719 783 0 0 0 24.6316 
2129 0 0 0.0360907 783 0 0 0 24.6324 
2130 0 0 0.0272785 783 0 0 0 24.6333 
2131 0 0 0.0123574 783 0 0 0 24.6341 
2132 0 0 0.00603357 783 0 0 0 24.6349 
2133 0 0 0.00233755 783 0 0 0 24.6357 
2134 0 0 0.00390234 783 0 0 0 24.6366 
2135 0 0 0.00321903 783 0 0 0 24.6374 
2136 0 0 0 783 0 0 0 24.6382 
2137 0 0 0 783 0 0 0 24.639 
2138 0 0 0 783 0 0 0 24.6398 
2139 0 0 0 783 0 0 0 24.6406 
2140 0 0 0 783 0 0 0 24.6414 
2141 0 0 0.00163391 783 0 0 0 24.6423 
2142 0 0 0.00164156 783 0 0 0 24.6431 
2143 0 0 0.00260527 783 0 0 0 24.6439 
2144 0 0 0.00645366 783 0 0 0 24.6447 
2145 0 0 0.0172123 783 0 0 0 24.6455 
2146 0 0 0.0276533 783 0 0 0 24.6463 
2147 0 0 0.0365106 783 0 0 0 24.6471 
2148 0 0 0.0444695 783 0 0 0 24.6479 
2149 0 0 0.0512928 783 0 0 0 24.6487 
2150 0 0 0.0538298 783 0 0 0 24.6494 
2151 0 0 0.0504251 783 0 0 0 24.6502 
2152 0 0 0.0413986 783 0 0 0 24.651 
2153 0 0 0.0265047 783 0 0 0 24.6518 
2154 0 0 0.0243713 783 0 0 0 24.6526 
2155 0 0 0.00756854 783 0 0 0 24.6534 
2156 0 0 0.00414979 783 0 0 0 24.6542 
2157 0 0 0 783 0 0 0 24.6549 
2157.84 2.41087 0 0 783 0 0 0 24.6557 
2159 0 0 0 783 0 0 0 24.6565 
2160 0 0 0 783 0 0 0 24.6573 
2161 0 0 0 783 0 0 0 24.658 
2162 0 0 0 783 0 0 0 24.6588 
2163 0 0 0 783 0 0 0 24.6596 
2164 0 0 0 783 0 0 0 24.6603 
2165 0 0 0.00255876 783 0 0 0 24.6611 
2166 0 0 0.00209817 783 0 0 0 24.6619 
2167 0 0 0.00214844 783 0 0 0 24.6626 
2168 0 0 0.00606317 783 0 0 0 24.6634 
2169 0 0 0.0163435 783 0 0 0 24.6642 
2170 0 0 0.02755 783 0 0 0 24.6649 
2171 0 0 0.0383654 783 0 0 0 24.6657 
2172 0 0 0.0446059 783 0 0 0 24.6664 
2173 0 0 0.0498323 783 0 0 0 24.6672 
2174 0 0 0.0506547 783 0 0 0 24.6679 
2175 0 0 0.0489609 783 0 0 0 24.6687 
2176 0 0 0.043734 783 0 0 0 24.6694 
2177 0 0 0.0351455 783 0 0 0 24.6702 
2178 0 0 0.0242458 783 0 0 0 24.6709 
2179 0 0 0.0099015 783 0 0 0 24.6717 
2180 0 0 0.00359378 783 0 0 0 24.6724 
2181 0 0 0.002112 783 0 0 0 24.6731 
2182 0 0 0.00300432 783 0 0 0 24.6739 
2183 0 0 0.00395183 783 0 0 0 24.6746 
2184 0 0 0.00363269 783 0 0 0 24.6753 
2185 0 0 0.00263658 783 0 0 0 24.6761 
2186 0 0 0.00205676 783 0 0 0 24.6768 
2187 0 0 0.000521505 783 0 0 0 24.6775 
2188 0 0 0 783 0 0 0 24.6783 
2189 0 0 0.00572579 783 0 0 0 24.679 
2190 0 0 0.00445742 783 0 0 0 24.6797 
2191 0 0 0.00364857 783 0 0 0 24.6804 
2192 0 0 0.00314328 783 0 0 0 24.6812 
2193 0 0 0.00484439 783 0 0 0 24.6819 
2194 0 0 0.00584775 783 0 0 0 24.6826 
2195 0 0 0.00966049 783 0 0 0 24.6833 
2196 0 0 0.0140051 783 0 0 0 24.684 
2197 0 0 0.0274679 783 0 0 0 24.6847 
2198 0 0 0.0381216 783 0 0 0 24.6854 
2199 0 0 0.0212791 783 0 0 0 24.6862 
2200 0 0 0.0169647 783 0 0 0 24.6869 
2201 0 0 0.0183954 783 0 0 0 24.6876 
2202 0 0 0.0100275 783 0 0 0 24.6883 
2203 0 0 0.00207206 783 0 0 0 24.689 
2204 0 0 0 783 0 0 0 24.6897 
2205 0 0 0 783 0 0 0 24.6904 
2206 0 0 0 783 0 0 0 24.6911 
2207 0 0 0 783 0 0 0 24.6918 
2208 0 0 0 783 0 0 0 24.6925 
2209 0 0 0 783 0 0 0 24.6932 
2210 0 0 0 783 0 0 0 24.6939 
2211 0 0 0 783 0 0 0 24.6945 
2212 0 0 0 783 0 0 0 24.6952 
2213 0 0 0.00165074 783 0 0 0 24.6959 
2214 0 0 0.00168323 783 0 0 0 24.6966 
2215 0 0 0.001929 783 0 0 0 24.6973 
2216 0 0 0.0052255 783 0 0 0 24.698 
2216.84 2.41087 0 0.0156878 783 0 0 0 24.6987 
2218 0 0 0.0239739 783 0 0 0 24.6993 
2219 0 0 0.0335493 783 0 0 0 24.7 
2220 0 0 0.0402096 783 0 0 0 24.7007 
2221 0 0 0.0467196 783 0 0 0 24.7014 
2222 0 0 0.042302 783 0 0 0 24.702 
2223 0 0 0.0451521 783 0 0 0 24.7027 
2224 0 0 0.0382658 783 0 0 0 24.7034 
2225 0 0 0.0300361 783 0 0 0 24.7041 
2226 0 0 0.0136862 783 0 0 0 24.7047 
2227 0 0 0.00516801 783 0 0 0 24.7054 
2228 0 0 0.00161538 783 0 0 0 24.7061 
2229 0 0 0 783 0 0 0 24.7067 
2230 0 0 0 783 0 0 0 24.7074 
2231 0 0 0 783 0 0 0 24.708 
2232 0 0 0 783 0 0 0 24.7087 
2233 0 0 0 783 0 0 0 24.7094 
2234 0 0 0 783 0 0 0 24.71 
2235 0 0 0 783 0 0 0 24.7107 
2236 0 0 0 783 0 0 0 24.7113 
2237 0 0 0.00165074 783 0 0 0 24.712 
2238 0 0 0.00168323 783 0 0 0 24.7126 
2239 0 0 0.001929 783 0 0 0 24.7133 
2240 0 0 0.0052255 783 0 0 0 24.7139 
2241 0 0 0.0156878 783 0 0 0 24.7146 
2242 0 0 0.0239739 783 0 0 0 24.7152 
2243 0 0 0.0335493 783 0 0 0 24.7159 
2244 0 0 0.0402096 783 0 0 0 24.7165 
2245 0 0 0.0467196 783 0 0 0 24.7171 
2246 0 0 0.042302 783 0 0 0 24.7178 
2247 0 0 0.0451521 783 0 0 0 24.7184 
2248 0 0 0.0382658 783 0 0 0 24.7191 
2249 0 0 0.0300361 783 0 0 0 24.7197 
2250 0 0 0.0136862 783 0 0 0 24.7203 
2251 0 0 0.00516801 783 0 0 0 24.721 
2252 0 0 0.00161538 783 0 0 0 24.7216 
2253 0 0 0 783 0 0 0 24.7222 
2254 0 0 0 783 0 0 0 24.7228 
2255 0 0 0 783 0 0 0 24.7235 
2256 0 0 0 783 0 0 0 24.7241 
end*** END OF INPUT 783 'ATMOSPH.IN' ********************************** 
