Pcp_File_Version=4
      1
Welcome to HYDRUS-1D
  
   NOBB     MIT iWeight
   1529       0       0
  lWatF  lChemF    NMat   lTempF
      t       f       1       f
  Model   Hysteresis
      0       0
    thr     ths    Alfa       n         Ks       l
  0.084  0.3379   0.124    1.85      60.13     0.5 
      1       0       1       1          1       0 
      0    0.25   0.001     1.1        0.1       0 
   0.15    0.45    0.15       3        100       0 
      HO(N)         FOS   ITYPE(N) POS     WTS
         721     0.119356     2     1        1 
         722     0.118286     2     1        1 
         723     0.117363     2     1        1 
         724     0.116932     2     1        1 
         725     0.116428     2     1        1 
         726     0.115929     2     1        1 
         727     0.115431     2     1        1 
         728     0.116071     2     1        1 
         729     0.117499     2     1        1 
         730     0.118349     2     1        1 
         731     0.119471     2     1        1 
         732     0.119521     2     1        1 
         733     0.118922     2     1        1 
         734      0.11888     2     1        1 
         735     0.113849     2     1        1 
         736     0.112539     2     1        1 
         737     0.112804     2     1        1 
         738     0.111065     2     1        1 
         739     0.109183     2     1        1 
         740      0.19299     2     1        1 
         741     0.226706     2     1        1 
         742     0.215475     2     1        1 
         743      0.21171     2     1        1 
         744     0.208839     2     1        1 
         745      0.20694     2     1        1 
         746     0.205041     2     1        1 
         747     0.203766     2     1        1 
         748     0.202633     2     1        1 
         749     0.201584     2     1        1 
         750     0.200375     2     1        1 
         751     0.199609     2     1        1 
         752     0.199042     2     1        1 
         753     0.198817     2     1        1 
         754     0.198507     2     1        1 
         755     0.197213     2     1        1 
         756      0.19489     2     1        1 
         757     0.191459     2     1        1 
         758     0.187184     2     1        1 
         759     0.185701     2     1        1 
         760     0.179304     2     1        1 
         761     0.176142     2     1        1 
         762     0.175075     2     1        1 
         763     0.170643     2     1        1 
         764     0.166423     2     1        1 
         765     0.163471     2     1        1 
         766     0.161859     2     1        1 
         767     0.160242     2     1        1 
         768     0.158972     2     1        1 
         769     0.157916     2     1        1 
         770     0.157354     2     1        1 
         771     0.156649     2     1        1 
         772     0.156229     2     1        1 
         773     0.155314     2     1        1 
         774     0.155034     2     1        1 
         775     0.154754     2     1        1 
         776     0.155034     2     1        1 
         777      0.15616     2     1        1 
         778     0.156718     2     1        1 
         779     0.228972     2     1        1 
         780     0.239826     2     1        1 
         781     0.229784     2     1        1 
         782     0.224177     2     1        1 
         783     0.220191     2     1        1 
         784     0.218255     2     1        1 
         785     0.212234     2     1        1 
         786     0.207354     2     1        1 
         787     0.203571     2     1        1 
         788     0.200276     2     1        1 
         789     0.198599     2     1        1 
         790     0.197833     2     1        1 
         791     0.197203     2     1        1 
         792     0.196856     2     1        1 
         793     0.195659     2     1        1 
         794      0.19538     2     1        1 
         795     0.195101     2     1        1 
         796     0.194749     2     1        1 
         797     0.194612     2     1        1 
         798     0.194049     2     1        1 
         799     0.193204     2     1        1 
         800     0.193272     2     1        1 
         801     0.195389     2     1        1 
         802     0.192985     2     1        1 
         803     0.188336     2     1        1 
         804     0.183758     2     1        1 
         805     0.178392     2     1        1 
         806      0.17294     2     1        1 
         807     0.168677     2     1        1 
         808     0.163272     2     1        1 
         809     0.157862     2     1        1 
         810     0.152438     2     1        1 
         811     0.149725     2     1        1 
         812     0.147436     2     1        1 
         813     0.145569     2     1        1 
         814     0.143566     2     1        1 
         815     0.142634     2     1        1 
         816      0.14177     2     1        1 
         817      0.14098     2     1        1 
         818     0.140122     2     1        1 
         819     0.139265     2     1        1 
         820     0.138832     2     1        1 
         821     0.137757     2     1        1 
         822     0.137183     2     1        1 
         823     0.136533     2     1        1 
         824      0.17707     2     1        1 
         825     0.207112     2     1        1 
         826     0.204305     2     1        1 
         827     0.200748     2     1        1 
         828     0.196155     2     1        1 
         829     0.191367     2     1        1 
         830     0.187137     2     1        1 
         831     0.182986     2     1        1 
         832     0.177898     2     1        1 
         833     0.172044     2     1        1 
         834     0.166278     2     1        1 
         835     0.159937     2     1        1 
         836     0.155353     2     1        1 
         837     0.151752     2     1        1 
         838     0.149914     2     1        1 
         839     0.148995     2     1        1 
         840     0.148358     2     1        1 
         841     0.147509     2     1        1 
         842     0.146519     2     1        1 
         843     0.145883     2     1        1 
         844     0.145034     2     1        1 
         845      0.14298     2     1        1 
         846     0.141705     2     1        1 
         847     0.140996     2     1        1 
         848     0.141067     2     1        1 
         849     0.146875     2     1        1 
         850     0.150982     2     1        1 
         851     0.150983     2     1        1 
         852     0.149567     2     1        1 
         853     0.147579     2     1        1 
         854     0.145376     2     1        1 
         855     0.145364     2     1        1 
         856     0.143798     2     1        1 
         857     0.140814     2     1        1 
         858      0.13647     2     1        1 
         859     0.130983     2     1        1 
         860     0.126413     2     1        1 
         861     0.127115     2     1        1 
         862     0.198383     2     1        1 
         863     0.203041     2     1        1 
         864     0.199789     2     1        1 
         865     0.197176     2     1        1 
         866     0.193997     2     1        1 
         867     0.192019     2     1        1 
         868     0.190188     2     1        1 
         869     0.188634     2     1        1 
         870     0.186871     2     1        1 
         871      0.18539     2     1        1 
         872     0.184399     2     1        1 
         873     0.184663     2     1        1 
         874     0.184715     2     1        1 
         875     0.183655     2     1        1 
         876     0.180559     2     1        1 
         877     0.176058     2     1        1 
         878     0.172186     2     1        1 
         879     0.168879     2     1        1 
         880     0.164213     2     1        1 
         881     0.157138     2     1        1 
         882     0.149354     2     1        1 
         883     0.141133     2     1        1 
         884     0.150478     2     1        1 
         885     0.201963     2     1        1 
         886     0.199891     2     1        1 
         887     0.196439     2     1        1 
         888     0.193553     2     1        1 
         889     0.191091     2     1        1 
         890     0.188837     2     1        1 
         891     0.186584     2     1        1 
         892     0.184896     2     1        1 
         893     0.183066     2     1        1 
         894     0.181729     2     1        1 
         895     0.180528     2     1        1 
         896      0.17961     2     1        1 
         897     0.179666     2     1        1 
         898     0.179014     2     1        1 
         899     0.175546     2     1        1 
         900      0.17026     2     1        1 
         901     0.164556     2     1        1 
         902     0.158705     2     1        1 
         903     0.152926     2     1        1 
         904     0.147065     2     1        1 
         905     0.141835     2     1        1 
         906     0.137381     2     1        1 
         907     0.133771     2     1        1 
         908     0.201459     2     1        1 
         909     0.210029     2     1        1 
         910     0.205617     2     1        1 
         911     0.202593     2     1        1 
         912     0.199918     2     1        1 
         913     0.197459     2     1        1 
         914       0.1957     2     1        1 
         915     0.194291     2     1        1 
         916      0.19274     2     1        1 
         917      0.19154     2     1        1 
         918     0.190198     2     1        1 
         919     0.189072     2     1        1 
         920     0.188148     2     1        1 
         921     0.187357     2     1        1 
         922     0.185992     2     1        1 
         923     0.182958     2     1        1 
         924     0.178991     2     1        1 
         925     0.174055     2     1        1 
         926     0.168633     2     1        1 
         927     0.162358     2     1        1 
         928       0.1556     2     1        1 
         929     0.150883     2     1        1 
         930     0.148699     2     1        1 
         931     0.146226     2     1        1 
         932     0.143972     2     1        1 
         933     0.142778     2     1        1 
         934     0.141372     2     1        1 
         935     0.140598     2     1        1 
         936     0.139679     2     1        1 
         937     0.139398     2     1        1 
         938     0.138482     2     1        1 
         939     0.137707     2     1        1 
         940      0.13686     2     1        1 
         941     0.136437     2     1        1 
         942     0.135801     2     1        1 
         943     0.134881     2     1        1 
         944     0.135237     2     1        1 
         945     0.135798     2     1        1 
         946      0.13629     2     1        1 
         947     0.135234     2     1        1 
         948     0.134042     2     1        1 
         949     0.132281     2     1        1 
         950     0.132142     2     1        1 
         951      0.13263     2     1        1 
         952     0.133185     2     1        1 
         953     0.130342     2     1        1 
         954      0.12578     2     1        1 
         955     0.135561     2     1        1 
         956     0.225809     2     1        1 
         957     0.216263     2     1        1 
         958     0.212842     2     1        1 
         959     0.210318     2     1        1 
         960     0.206675     2     1        1 
         961     0.204007     2     1        1 
         962     0.201546     2     1        1 
         963      0.19986     2     1        1 
         964     0.198187     2     1        1 
         965     0.198909     2     1        1 
         966     0.211753     2     1        1 
         967     0.222475     2     1        1 
         968     0.239519     2     1        1 
         969     0.236149     2     1        1 
         970     0.231126     2     1        1 
         971     0.228896     2     1        1 
         972     0.226823     2     1        1 
         973     0.224427     2     1        1 
         974     0.221163     2     1        1 
         975     0.219018     2     1        1 
         976     0.215237     2     1        1 
         977     0.209621     2     1        1 
         978     0.206478     2     1        1 
         979     0.203881     2     1        1 
         980     0.202633     2     1        1 
         981     0.200818     2     1        1 
         982     0.200051     2     1        1 
         983     0.199568     2     1        1 
         984     0.198942     2     1        1 
         985     0.198384     2     1        1 
         986     0.200576     2     1        1 
         987     0.204876     2     1        1 
         988     0.210509     2     1        1 
         989     0.209251     2     1        1 
         990     0.208485     2     1        1 
         991     0.207359     2     1        1 
         992     0.205601     2     1        1 
         993     0.204176     2     1        1 
         994     0.203084     2     1        1 
         995     0.200409     2     1        1 
         996     0.196632     2     1        1 
         997      0.19329     2     1        1 
         998     0.190082     2     1        1 
         999     0.187291     2     1        1 
        1000     0.181728     2     1        1 
        1001     0.174956     2     1        1 
        1002     0.168606     2     1        1 
        1003     0.161745     2     1        1 
        1004     0.158773     2     1        1 
        1005     0.156013     2     1        1 
        1006     0.154738     2     1        1 
        1007      0.15403     2     1        1 
        1008     0.153038     2     1        1 
        1009     0.152967     2     1        1 
        1010     0.152754     2     1        1 
        1011       0.1524     2     1        1 
        1012     0.152258     2     1        1 
        1013     0.151549     2     1        1 
        1014     0.151124     2     1        1 
        1015     0.150983     2     1        1 
        1016      0.15162     2     1        1 
        1017     0.152046     2     1        1 
        1018     0.151975     2     1        1 
        1019     0.157074     2     1        1 
        1020     0.237079     2     1        1 
        1021     0.222263     2     1        1 
        1022     0.215476     2     1        1 
        1023     0.210365     2     1        1 
        1024     0.205382     2     1        1 
        1025     0.199754     2     1        1 
        1026     0.194407     2     1        1 
        1027     0.190476     2     1        1 
        1028     0.188309     2     1        1 
        1029     0.187259     2     1        1 
        1030     0.186409     2     1        1 
        1031     0.185709     2     1        1 
        1032     0.185075     2     1        1 
        1033     0.184233     2     1        1 
        1034     0.183748     2     1        1 
        1035     0.182764     2     1        1 
        1036     0.182481     2     1        1 
        1037     0.182906     2     1        1 
        1038     0.183055     2     1        1 
        1039     0.183129     2     1        1 
        1040     0.183197     2     1        1 
        1041     0.182764     2     1        1 
        1042     0.182056     2     1        1 
        1043     0.181348     2     1        1 
        1044     0.180706     2     1        1 
        1045     0.176963     2     1        1 
        1046     0.171856     2     1        1 
        1047     0.168439     2     1        1 
        1048     0.164299     2     1        1 
        1049     0.158945     2     1        1 
        1050     0.152526     2     1        1 
        1051     0.145244     2     1        1 
        1052     0.140925     2     1        1 
        1053     0.137808     2     1        1 
        1054     0.135894     2     1        1 
        1055     0.134973     2     1        1 
        1056     0.133697     2     1        1 
        1057     0.133414     2     1        1 
        1058     0.132989     2     1        1 
        1059     0.132847     2     1        1 
        1060      0.13228     2     1        1 
        1061     0.132068     2     1        1 
        1062     0.131571     2     1        1 
        1063     0.131288     2     1        1 
        1064     0.192194     2     1        1 
        1065     0.219646     2     1        1 
        1066     0.210968     2     1        1 
        1067     0.206028     2     1        1 
        1068      0.20216     2     1        1 
        1069     0.197953     2     1        1 
        1070     0.193254     2     1        1 
        1071     0.188354     2     1        1 
        1072     0.182233     2     1        1 
        1073     0.172584     2     1        1 
        1074     0.163154     2     1        1 
        1075     0.160612     2     1        1 
        1076      0.15877     2     1        1 
        1077     0.157219     2     1        1 
        1078     0.155458     2     1        1 
        1079     0.154122     2     1        1 
        1080     0.152645     2     1        1 
        1081      0.15145     2     1        1 
        1082     0.150323     2     1        1 
        1083     0.149338     2     1        1 
        1084     0.148494     2     1        1 
        1085     0.147502     2     1        1 
        1086     0.147428     2     1        1 
        1087     0.147287     2     1        1 
        1088     0.146437     2     1        1 
        1089      0.14643     2     1        1 
        1090     0.145088     2     1        1 
        1091     0.142561     2     1        1 
        1092     0.139558     2     1        1 
        1093     0.137194     2     1        1 
        1094     0.135243     2     1        1 
        1095     0.132848     2     1        1 
        1096      0.12945     2     1        1 
        1097     0.125972     2     1        1 
        1098     0.123414     2     1        1 
        1099     0.121993     2     1        1 
        1100     0.120433     2     1        1 
        1101     0.120217     2     1        1 
        1102     0.127583     2     1        1 
        1103     0.132117     2     1        1 
        1104     0.132825     2     1        1 
        1105     0.132542     2     1        1 
        1106     0.132117     2     1        1 
        1107     0.130983     2     1        1 
        1108     0.129283     2     1        1 
        1109     0.127511     2     1        1 
        1110     0.125598     2     1        1 
        1111     0.124392     2     1        1 
        1112     0.122759     2     1        1 
        1113     0.129278     2     1        1 
        1114     0.234711     2     1        1 
        1115     0.233434     2     1        1 
        1116     0.221115     2     1        1 
        1117      0.21601     2     1        1 
        1118     0.212201     2     1        1 
        1119     0.208884     2     1        1 
        1120     0.203283     2     1        1 
        1121     0.196811     2     1        1 
        1122     0.196541     2     1        1 
        1123     0.197742     2     1        1 
        1124     0.195212     2     1        1 
        1125     0.193384     2     1        1 
        1126     0.191702     2     1        1 
        1127     0.190648     2     1        1 
        1128     0.189946     2     1        1 
        1129     0.190512     2     1        1 
        1130      0.18981     2     1        1 
        1131     0.189249     2     1        1 
        1132     0.188404     2     1        1 
        1133     0.187979     2     1        1 
        1134     0.188194     2     1        1 
        1135     0.188058     2     1        1 
        1136     0.187911     2     1        1 
        1137      0.18769     2     1        1 
        1138     0.187197     2     1        1 
        1139     0.184179     2     1        1 
        1140     0.179124     2     1        1 
        1141     0.173636     2     1        1 
        1142     0.168692     2     1        1 
        1143      0.16493     2     1        1 
        1144     0.159742     2     1        1 
        1145     0.153913     2     1        1 
        1146     0.148078     2     1        1 
        1147     0.141393     2     1        1 
        1148     0.137547     2     1        1 
        1149     0.134833     2     1        1 
        1150     0.167594     2     1        1 
        1151     0.217007     2     1        1 
        1152     0.212359     2     1        1 
        1153     0.210201     2     1        1 
        1154     0.208167     2     1        1 
        1155     0.207123     2     1        1 
        1156     0.205647     2     1        1 
        1157     0.204595     2     1        1 
        1158     0.203469     2     1        1 
        1159     0.202208     2     1        1 
        1160     0.201783     2     1        1 
        1161     0.200501     2     1        1 
        1162     0.199644     2     1        1 
        1163     0.196622     2     1        1 
        1164     0.191645     2     1        1 
        1165     0.186115     2     1        1 
        1166     0.181134     2     1        1 
        1167     0.175843     2     1        1 
        1168     0.169753     2     1        1 
        1169     0.162944     2     1        1 
        1170     0.155417     2     1        1 
        1171     0.147818     2     1        1 
        1172     0.143339     2     1        1 
        1173     0.140703     2     1        1 
        1174     0.139063     2     1        1 
        1175     0.137993     2     1        1 
        1176     0.137211     2     1        1 
        1177     0.136278     2     1        1 
        1178     0.135706     2     1        1 
        1179     0.134635     2     1        1 
        1180     0.134136     2     1        1 
        1181     0.134063     2     1        1 
        1182     0.133422     2     1        1 
        1183     0.132924     2     1        1 
        1184     0.133139     2     1        1 
        1185     0.133643     2     1        1 
        1186     0.134148     2     1        1 
        1187     0.132516     2     1        1 
        1188     0.130509     2     1        1 
        1189     0.129345     2     1        1 
        1190     0.128177     2     1        1 
        1191     0.126373     2     1        1 
        1192     0.123441     2     1        1 
        1193     0.121583     2     1        1 
        1194     0.121574     2     1        1 
        1195     0.118865     2     1        1 
        1196     0.155307     2     1        1 
        1197      0.22901     2     1        1 
        1198      0.21969     2     1        1 
        1199     0.216126     2     1        1 
        1200     0.215026     2     1        1 
        1201     0.213707     2     1        1 
        1202     0.212596     2     1        1 
        1203     0.211342     2     1        1 
        1204     0.210364     2     1        1 
        1205     0.209386     2     1        1 
        1206     0.208123     2     1        1 
        1207     0.207427     2     1        1 
        1208     0.206657     2     1        1 
        1209      0.20448     2     1        1 
        1210     0.202298     2     1        1 
        1211     0.198643     2     1        1 
        1212     0.193155     2     1        1 
        1213     0.186604     2     1        1 
        1214     0.180732     2     1        1 
        1215     0.174549     2     1        1 
        1216     0.167433     2     1        1 
        1217     0.160317     2     1        1 
        1218     0.152915     2     1        1 
        1219     0.145803     2     1        1 
        1220     0.141676     2     1        1 
        1221     0.139322     2     1        1 
        1222     0.137676     2     1        1 
        1223     0.136387     2     1        1 
        1224     0.135529     2     1        1 
        1225     0.134881     2     1        1 
        1226     0.134172     2     1        1 
        1227      0.13374     2     1        1 
        1228     0.133031     2     1        1 
        1229     0.132457     2     1        1 
        1230     0.132024     2     1        1 
        1231     0.131666     2     1        1 
        1232     0.131382     2     1        1 
        1233     0.131398     2     1        1 
        1234     0.212142     2     1        1 
        1235     0.237547     2     1        1 
        1236     0.230162     2     1        1 
        1237     0.224417     2     1        1 
        1238     0.218721     2     1        1 
        1239     0.212512     2     1        1 
        1240     0.203792     2     1        1 
        1241     0.194118     2     1        1 
        1242     0.186045     2     1        1 
        1243     0.178173     2     1        1 
        1244     0.172705     2     1        1 
        1245     0.170289     2     1        1 
        1246      0.16915     2     1        1 
        1247     0.168719     2     1        1 
        1248     0.168432     2     1        1 
        1249     0.167862     2     1        1 
        1250      0.16715     2     1        1 
        1251     0.166438     2     1        1 
        1252     0.165795     2     1        1 
        1253     0.165297     2     1        1 
        1254     0.164868     2     1        1 
        1255     0.164581     2     1        1 
        1256     0.163731     2     1        1 
        1257     0.163027     2     1        1 
        1258     0.198531     2     1        1 
        1259      0.23798     2     1        1 
        1260     0.225326     2     1        1 
        1261     0.218273     2     1        1 
        1262     0.211387     2     1        1 
        1263     0.204416     2     1        1 
        1264     0.194717     2     1        1 
        1265     0.183345     2     1        1 
        1266     0.175491     2     1        1 
        1267      0.17032     2     1        1 
        1268     0.166988     2     1        1 
        1269     0.164789     2     1        1 
        1270     0.163511     2     1        1 
        1271      0.16266     2     1        1 
        1272     0.162374     2     1        1 
        1273     0.161096     2     1        1 
        1274     0.160668     2     1        1 
        1275     0.159533     2     1        1 
        1276     0.158964     2     1        1 
        1277     0.158253     2     1        1 
        1278     0.158181     2     1        1 
        1279     0.157753     2     1        1 
        1280     0.157045     2     1        1 
        1281      0.15662     2     1        1 
        1282     0.155131     2     1        1 
        1283     0.163284     2     1        1 
        1284     0.184273     2     1        1 
        1285      0.17794     2     1        1 
        1286     0.169936     2     1        1 
        1287     0.162174     2     1        1 
        1288     0.153449     2     1        1 
        1289     0.144566     2     1        1 
        1290     0.137385     2     1        1 
        1291     0.130846     2     1        1 
        1292     0.127856     2     1        1 
        1293     0.125291     2     1        1 
        1294     0.123863     2     1        1 
        1295     0.122287     2     1        1 
        1296     0.121424     2     1        1 
        1297      0.12042     2     1        1 
        1298     0.119847     2     1        1 
        1299     0.119482     2     1        1 
        1300     0.118558     2     1        1 
        1301     0.118126     2     1        1 
        1302     0.117478     2     1        1 
        1303     0.117478     2     1        1 
        1304     0.117478     2     1        1 
        1305     0.118551     2     1        1 
        1306      0.11899     2     1        1 
        1307     0.119428     2     1        1 
        1308     0.119644     2     1        1 
        1309     0.119415     2     1        1 
        1310     0.121101     2     1        1 
        1311     0.123629     2     1        1 
        1312     0.124531     2     1        1 
        1313     0.122548     2     1        1 
        1314     0.118865     2     1        1 
        1315     0.114957     2     1        1 
        1316     0.112174     2     1        1 
        1317     0.110608     2     1        1 
        1318     0.109108     2     1        1 
        1319     0.107957     2     1        1 
        1320     0.107098     2     1        1 
        1321     0.106022     2     1        1 
        1322     0.105446     2     1        1 
        1323     0.104653     2     1        1 
        1324     0.103935     2     1        1 
        1325     0.103642     2     1        1 
        1326     0.103066     2     1        1 
        1327      0.10299     2     1        1 
        1328      0.10299     2     1        1 
        1329     0.104993     2     1        1 
        1330     0.110753     2     1        1 
        1331     0.196446     2     1        1 
        1332      0.19938     2     1        1 
        1333     0.194478     2     1        1 
        1334     0.189426     2     1        1 
        1335     0.182999     2     1        1 
        1336     0.175544     2     1        1 
        1337     0.164442     2     1        1 
        1338     0.153765     2     1        1 
        1339     0.144799     2     1        1 
        1340       0.1386     2     1        1 
        1341     0.134963     2     1        1 
        1342     0.133248     2     1        1 
        1343      0.13139     2     1        1 
        1344     0.130316     2     1        1 
        1345     0.129391     2     1        1 
        1346     0.128099     2     1        1 
        1347     0.127241     2     1        1 
        1348     0.126741     2     1        1 
        1349     0.125882     2     1        1 
        1350      0.12524     2     1        1 
        1351     0.124306     2     1        1 
        1352      0.12424     2     1        1 
        1353      0.12694     2     1        1 
        1354     0.127099     2     1        1 
        1355     0.125424     2     1        1 
        1356     0.124807     2     1        1 
        1357     0.123524     2     1        1 
        1358     0.124083     2     1        1 
        1359     0.125483     2     1        1 
        1360     0.123057     2     1        1 
        1361     0.123274     2     1        1 
        1362     0.120149     2     1        1 
        1363     0.116174     2     1        1 
        1364     0.135516     2     1        1 
        1365     0.219698     2     1        1 
        1366     0.209555     2     1        1 
        1367     0.204806     2     1        1 
        1368     0.201668     2     1        1 
        1369     0.198584     2     1        1 
        1370     0.196349     2     1        1 
        1371     0.195096     2     1        1 
        1372     0.193492     2     1        1 
        1373     0.191806     2     1        1 
        1374     0.189984     2     1        1 
        1375     0.188579     2     1        1 
        1376     0.187458     2     1        1 
        1377     0.185707     2     1        1 
        1378      0.18199     2     1        1 
        1379     0.175811     2     1        1 
        1380     0.168901     2     1        1 
        1381     0.161885     2     1        1 
        1382     0.155121     2     1        1 
        1383     0.147562     2     1        1 
        1384     0.140364     2     1        1 
        1385     0.134525     2     1        1 
        1386     0.130687     2     1        1 
        1387     0.128407     2     1        1 
        1388     0.126052     2     1        1 
        1389     0.124487     2     1        1 
        1390     0.123629     2     1        1 
        1391     0.123473     2     1        1 
        1392     0.122898     2     1        1 
        1393     0.122324     2     1        1 
        1394     0.122099     2     1        1 
        1395     0.122308     2     1        1 
        1396     0.121733     2     1        1 
        1397     0.121233     2     1        1 
        1398     0.121158     2     1        1 
        1399     0.121083     2     1        1 
        1400     0.121158     2     1        1 
        1401     0.120674     2     1        1 
        1402     0.120049     2     1        1 
        1403      0.11949     2     1        1 
        1404     0.119357     2     1        1 
        1405     0.119699     2     1        1 
        1406     0.121749     2     1        1 
        1407     0.124133     2     1        1 
        1408     0.120574     2     1        1 
        1409     0.118515     2     1        1 
        1410     0.116891     2     1        1 
        1411     0.114615     2     1        1 
        1412     0.151242     2     1        1 
        1413     0.256901     2     1        1 
        1414      0.24342     2     1        1 
        1415     0.237118     2     1        1 
        1416     0.235452     2     1        1 
        1417     0.233719     2     1        1 
        1418     0.232748     2     1        1 
        1419     0.232344     2     1        1 
        1420      0.23158     2     1        1 
        1421     0.231297     2     1        1 
        1422     0.230882     2     1        1 
        1423     0.230315     2     1        1 
        1424     0.229409     2     1        1 
        1425     0.228852     2     1        1 
        1426     0.227879     2     1        1 
        1427     0.225631     2     1        1 
        1428     0.223874     2     1        1 
        1429     0.221501     2     1        1 
        1430     0.218851     2     1        1 
        1431     0.216332     2     1        1 
        1432      0.21311     2     1        1 
        1433     0.210728     2     1        1 
        1434     0.209257     2     1        1 
        1435     0.207852     2     1        1 
        1436     0.206305     2     1        1 
        1437     0.205676     2     1        1 
        1438     0.204832     2     1        1 
        1439     0.204486     2     1        1 
        1440     0.204134     2     1        1 
        1441     0.203573     2     1        1 
        1442     0.203148     2     1        1 
        1443     0.202586     2     1        1 
        1444     0.202234     2     1        1 
        1445     0.201741     2     1        1 
        1446     0.201321     2     1        1 
        1447     0.201604     2     1        1 
        1448     0.201961     2     1        1 
        1449     0.211716     2     1        1 
        1450     0.216074     2     1        1 
        1451      0.21935     2     1        1 
        1452     0.220372     2     1        1 
        1453     0.218032     2     1        1 
        1454     0.215093     2     1        1 
        1455     0.212576     2     1        1 
        1456      0.21217     2     1        1 
        1457     0.219842     2     1        1 
        1458     0.219396     2     1        1 
        1459     0.222101     2     1        1 
        1460     0.223926     2     1        1 
        1461     0.223351     2     1        1 
        1462     0.224467     2     1        1 
        1463     0.222234     2     1        1 
        1464     0.220775     2     1        1 
        1465     0.219732     2     1        1 
        1466     0.218964     2     1        1 
        1467     0.218121     2     1        1 
        1468     0.217285     2     1        1 
        1469     0.216584     2     1        1 
        1470      0.21624     2     1        1 
        1471     0.216253     2     1        1 
        1472     0.218655     2     1        1 
        1473     0.224637     2     1        1 
        1474     0.225241     2     1        1 
        1475     0.224084     2     1        1 
        1476     0.222617     2     1        1 
        1477     0.221581     2     1        1 
        1478     0.219701     2     1        1 
        1479     0.218021     2     1        1 
        1480     0.216414     2     1        1 
        1481      0.21425     2     1        1 
        1482     0.212634     2     1        1 
        1483     0.211858     2     1        1 
        1484      0.21137     2     1        1 
        1485     0.210803     2     1        1 
        1486     0.210383     2     1        1 
        1487     0.210666     2     1        1 
        1488     0.210524     2     1        1 
        1489     0.210173     2     1        1 
        1490     0.209963     2     1        1 
        1491     0.208761     2     1        1 
        1492      0.20834     2     1        1 
        1493     0.207847     2     1        1 
        1494     0.207568     2     1        1 
        1495     0.207001     2     1        1 
        1496     0.207001     2     1        1 
        1497      0.20616     2     1        1 
        1498     0.204202     2     1        1 
        1499     0.200133     2     1        1 
        1500     0.193831     2     1        1 
        1501     0.186768     2     1        1 
        1502     0.181968     2     1        1 
        1503     0.177592     2     1        1 
        1504     0.170968     2     1        1 
        1505     0.164429     2     1        1 
        1506     0.160023     2     1        1 
        1507     0.157748     2     1        1 
        1508     0.158568     2     1        1 
        1509     0.157786     2     1        1 
        1510     0.156571     2     1        1 
        1511     0.155989     2     1        1 
        1512     0.158173     2     1        1 
        1513     0.160656     2     1        1 
        1514     0.161797     2     1        1 
        1515     0.161498     2     1        1 
        1516     0.160916     2     1        1 
        1517     0.160715     2     1        1 
        1518     0.195968     2     1        1 
        1519     0.237992     2     1        1 
        1520      0.23857     2     1        1 
        1521     0.232243     2     1        1 
        1522     0.231397     2     1        1 
        1523     0.230046     2     1        1 
        1524     0.227396     2     1        1 
        1525     0.223128     2     1        1 
        1526     0.217754     2     1        1 
        1527     0.211304     2     1        1 
        1528     0.204373     2     1        1 
        1529     0.198583     2     1        1 
        1530     0.193051     2     1        1 
        1531     0.189642     2     1        1 
        1532     0.187443     2     1        1 
        1533     0.186308     2     1        1 
        1534     0.187722     2     1        1 
        1535     0.186514     2     1        1 
        1536     0.185948     2     1        1 
        1537     0.185803     2     1        1 
        1538     0.185378     2     1        1 
        1539     0.185095     2     1        1 
        1540     0.184526     2     1        1 
        1541     0.184101     2     1        1 
        1542     0.184239     2     1        1 
        1543     0.184453     2     1        1 
        1544     0.184239     2     1        1 
        1545     0.183739     2     1        1 
        1546     0.181175     2     1        1 
        1547     0.176887     2     1        1 
        1548     0.173162     2     1        1 
        1549      0.16829     2     1        1 
        1550     0.164571     2     1        1 
        1551     0.162557     2     1        1 
        1552     0.158274     2     1        1 
        1553     0.152299     2     1        1 
        1554      0.14634     2     1        1 
        1555     0.140947     2     1        1 
        1556     0.179003     2     1        1 
        1557     0.260057     2     1        1 
        1558     0.248054     2     1        1 
        1559     0.241411     2     1        1 
        1560     0.237352     2     1        1 
        1561     0.236455     2     1        1 
        1562      0.23654     2     1        1 
        1563     0.236473     2     1        1 
        1564     0.236341     2     1        1 
        1565     0.235849     2     1        1 
        1566     0.235717     2     1        1 
        1567     0.235017     2     1        1 
        1568      0.23445     2     1        1 
        1569     0.234092     2     1        1 
        1570     0.232334     2     1        1 
        1571     0.228834     2     1        1 
        1572     0.222768     2     1        1 
        1573     0.215167     2     1        1 
        1574     0.207149     2     1        1 
        1575     0.199701     2     1        1 
        1576     0.190728     2     1        1 
        1577     0.181973     2     1        1 
        1578     0.175004     2     1        1 
        1579     0.171451     2     1        1 
        1580     0.182801     2     1        1 
        1581     0.189583     2     1        1 
        1582     0.188316     2     1        1 
        1583      0.18848     2     1        1 
        1584     0.187554     2     1        1 
        1585     0.186838     2     1        1 
        1586     0.185981     2     1        1 
        1587     0.185122     2     1        1 
        1588     0.184483     2     1        1 
        1589     0.183985     2     1        1 
        1590     0.183341     2     1        1 
        1591     0.183053     2     1        1 
        1592     0.183336     2     1        1 
        1593     0.182979     2     1        1 
        1594     0.179203     2     1        1 
        1595     0.175429     2     1        1 
        1596     0.171734     2     1        1 
        1597     0.167662     2     1        1 
        1598     0.164593     2     1        1 
        1599     0.162722     2     1        1 
        1600     0.158299     2     1        1 
        1601     0.151616     2     1        1 
        1602     0.145449     2     1        1 
        1603     0.140266     2     1        1 
        1604     0.137424     2     1        1 
        1605     0.137773     2     1        1 
        1606     0.137972     2     1        1 
        1607     0.137387     2     1        1 
        1608     0.136386     2     1        1 
        1609     0.135527     2     1        1 
        1610     0.134951     2     1        1 
        1611     0.134875     2     1        1 
        1612     0.134875     2     1        1 
        1613      0.13444     2     1        1 
        1614     0.134081     2     1        1 
        1615     0.134005     2     1        1 
        1616      0.13443     2     1        1 
        1617     0.134724     2     1        1 
        1618     0.135442     2     1        1 
        1619     0.135083     2     1        1 
        1620     0.133014     2     1        1 
        1621     0.132589     2     1        1 
        1622     0.131314     2     1        1 
        1623     0.129841     2     1        1 
        1624     0.127999     2     1        1 
        1625      0.12679     2     1        1 
        1626     0.125799     2     1        1 
        1627      0.12459     2     1        1 
        1628     0.123522     2     1        1 
        1629     0.123087     2     1        1 
        1630     0.122586     2     1        1 
        1631     0.121868     2     1        1 
        1632     0.121225     2     1        1 
        1633     0.121007     2     1        1 
        1634     0.121356     2     1        1 
        1635     0.125155     2     1        1 
        1636     0.160651     2     1        1 
        1637     0.175685     2     1        1 
        1638     0.187829     2     1        1 
        1639     0.200261     2     1        1 
        1640     0.200838     2     1        1 
        1641     0.196769     2     1        1 
        1642     0.193681     2     1        1 
        1643     0.192821     2     1        1 
        1644     0.188498     2     1        1 
        1645     0.178717     2     1        1 
        1646     0.169608     2     1        1 
        1647     0.161906     2     1        1 
        1648     0.152683     2     1        1 
        1649     0.142992     2     1        1 
        1650     0.135313     2     1        1 
        1651     0.130198     2     1        1 
        1652     0.127565     2     1        1 
        1653     0.126633     2     1        1 
        1654     0.126483     2     1        1 
        1655     0.125266     2     1        1 
        1656     0.124408     2     1        1 
        1657     0.123482     2     1        1 
        1658     0.123124     2     1        1 
        1659     0.122832     2     1        1 
        1660     0.122407     2     1        1 
        1661     0.122499     2     1        1 
        1662     0.122016     2     1        1 
        1663     0.121449     2     1        1 
        1664     0.121799     2     1        1 
        1665     0.121933     2     1        1 
        1666     0.124157     2     1        1 
        1667     0.229758     2     1        1 
        1668     0.235674     2     1        1 
        1669      0.21913     2     1        1 
        1670     0.212025     2     1        1 
        1671     0.204503     2     1        1 
        1672     0.193974     2     1        1 
        1673     0.182529     2     1        1 
        1674     0.172208     2     1        1 
        1675     0.163892     2     1        1 
        1676     0.159551     2     1        1 
        1677     0.157488     2     1        1 
        1678     0.158258     2     1        1 
        1679     0.156336     2     1        1 
        1680     0.155337     2     1        1 
        1681     0.154339     2     1        1 
        1682     0.153982     2     1        1 
        1683     0.153482     2     1        1 
        1684     0.153334     2     1        1 
        1685     0.153192     2     1        1 
        1686     0.152193     2     1        1 
        1687     0.152193     2     1        1 
        1688     0.152268     2     1        1 
        1689     0.152133     2     1        1 
        1690      0.15044     2     1        1 
        1691     0.146884     2     1        1 
        1692     0.143909     2     1        1 
        1693     0.140845     2     1        1 
        1694     0.138914     2     1        1 
        1695     0.137549     2     1        1 
        1696     0.134474     2     1        1 
        1697     0.129007     2     1        1 
        1698     0.126223     2     1        1 
        1699     0.124948     2     1        1 
        1700     0.166255     2     1        1 
        1701     0.245994     2     1        1 
        1702     0.227516     2     1        1 
        1703      0.22208     2     1        1 
        1704     0.219292     2     1        1 
        1705     0.217051     2     1        1 
        1706     0.215226     2     1        1 
        1707     0.213259     2     1        1 
        1708     0.211716     2     1        1 
        1709     0.210732     2     1        1 
        1710     0.209398     2     1        1 
        1711     0.208771     2     1        1 
        1712     0.207645     2     1        1 
        1713     0.207085     2     1        1 
        1714     0.204569     2     1        1 
        1715     0.202463     2     1        1 
        1716     0.202259     2     1        1 
        1717     0.202265     2     1        1 
        1718     0.202537     2     1        1 
        1719     0.204717     2     1        1 
        1720     0.206633     2     1        1 
        1721     0.212781     2     1        1 
        1722     0.211917     2     1        1 
        1723     0.208144     2     1        1 
        1724      0.20577     2     1        1 
        1725     0.203805     2     1        1 
        1726     0.203041     2     1        1 
        1727     0.202265     2     1        1 
        1728     0.201896     2     1        1 
        1729     0.200922     2     1        1 
        1730     0.200225     2     1        1 
        1731     0.199811     2     1        1 
        1732     0.199108     2     1        1 
        1733     0.198619     2     1        1 
        1734     0.198766     2     1        1 
        1735     0.198488     2     1        1 
        1736     0.197999     2     1        1 
        1737     0.196668     2     1        1 
        1738     0.194002     2     1        1 
        1739     0.188518     2     1        1 
        1740     0.181431     2     1        1 
        1741     0.174573     2     1        1 
        1742     0.169417     2     1        1 
        1743     0.164984     2     1        1 
        1744     0.159135     2     1        1 
        1745     0.151739     2     1        1 
        1746      0.14464     2     1        1 
        1747      0.14159     2     1        1 
        1748     0.139032     2     1        1 
        1749     0.137891     2     1        1 
        1750     0.137308     2     1        1 
        1751     0.136591     2     1        1 
        1752     0.135591     2     1        1 
        1753     0.134798     2     1        1 
        1754     0.134232     2     1        1 
        1755     0.133514     2     1        1 
        1756     0.133156     2     1        1 
        1757     0.132939     2     1        1 
        1758     0.132221     2     1        1 
        1759      0.13208     2     1        1 
        1760      0.13208     2     1        1 
        1761     0.132306     2     1        1 
        1762      0.13239     2     1        1 
        1763     0.131257     2     1        1 
        1764     0.129831     2     1        1 
        1765     0.128357     2     1        1 
        1766     0.127989     2     1        1 
        1767     0.129123     2     1        1 
        1768      0.12748     2     1        1 
        1769      0.12442     2     1        1 
        1770     0.121936     2     1        1 
        1771     0.120019     2     1        1 
        1772     0.119094     2     1        1 
        1773     0.118508     2     1        1 
        1774      0.11778     2     1        1 
        1775     0.116778     2     1        1 
        1776     0.116059     2     1        1 
        1777     0.115918     2     1        1 
        1778     0.115786     2     1        1 
        1779     0.122536     2     1        1 
        1780     0.149153     2     1        1 
        1781     0.148671     2     1        1 
        1782      0.14611     2     1        1 
        1783     0.143259     2     1        1 
        1784     0.140118     2     1        1 
        1785     0.137616     2     1        1 
        1786     0.134679     2     1        1 
        1787     0.131323     2     1        1 
        1788     0.128741     2     1        1 
        1789     0.126816     2     1        1 
        1790     0.125249     2     1        1 
        1791     0.125515     2     1        1 
        1792     0.126488     2     1        1 
        1793     0.122512     2     1        1 
        1794     0.119179     2     1        1 
        1795     0.116978     2     1        1 
        1796     0.145337     2     1        1 
        1797     0.229272     2     1        1 
        1798     0.219747     2     1        1 
        1799     0.216251     2     1        1 
        1800     0.214368     2     1        1 
        1801     0.212267     2     1        1 
        1802     0.210508     2     1        1 
        1803     0.212158     2     1        1 
        1804     0.219502     2     1        1 
        1805     0.220352     2     1        1 
        1806     0.217025     2     1        1 
        1807     0.214509     2     1        1 
        1808     0.213392     2     1        1 
        1809     0.212275     2     1        1 
        1810     0.210948     2     1        1 
        1811     0.209695     2     1        1 
        1812     0.207875     2     1        1 
        1813     0.204655     2     1        1 
        1814     0.201227     2     1        1 
        1815     0.198634     2     1        1 
        1816     0.195263     2     1        1 
        1817     0.192098     2     1        1 
        1818     0.189701     2     1        1 
        1819     0.187514     2     1        1 
        1820     0.184758     2     1        1 
        1821      0.18391     2     1        1 
        1822     0.183628     2     1        1 
        1823      0.18285     2     1        1 
        1824     0.182283     2     1        1 
        1825     0.182071     2     1        1 
        1826     0.181223     2     1        1 
        1827     0.180869     2     1        1 
        1828     0.180374     2     1        1 
        1829     0.180162     2     1        1 
        1830     0.179667     2     1        1 
        1831     0.179313     2     1        1 
        1832      0.17903     2     1        1 
        1833     0.178748     2     1        1 
        1834     0.178396     2     1        1 
        1835     0.174569     2     1        1 
        1836     0.168601     2     1        1 
        1837     0.163394     2     1        1 
        1838     0.159668     2     1        1 
        1839     0.155449     2     1        1 
        1840      0.14855     2     1        1 
        1841     0.142344     2     1        1 
        1842     0.140063     2     1        1 
        1843     0.138422     2     1        1 
        1844     0.136789     2     1        1 
        1845     0.135723     2     1        1 
        1846      0.13479     2     1        1 
        1847     0.135274     2     1        1 
        1848     0.135616     2     1        1 
        1849     0.134899     2     1        1 
        1850     0.135033     2     1        1 
        1851     0.133532     2     1        1 
        1852     0.133098     2     1        1 
        1853     0.132532     2     1        1 
        1854     0.132031     2     1        1 
        1855     0.131522     2     1        1 
        1856     0.131456     2     1        1 
        1857     0.131398     2     1        1 
        1858     0.129733     2     1        1 
        1859     0.128832     2     1        1 
        1860     0.127506     2     1        1 
        1861     0.126298     2     1        1 
        1862     0.127491     2     1        1 
        1863     0.130666     2     1        1 
        1864     0.128516     2     1        1 
        1865     0.123257     2     1        1 
        1866     0.121331     2     1        1 
        1867     0.205122     2     1        1 
        1868     0.228111     2     1        1 
        1869     0.215998     2     1        1 
        1870     0.210826     2     1        1 
        1871     0.207116     2     1        1 
        1872     0.204029     2     1        1 
        1873     0.203483     2     1        1 
        1874     0.202154     2     1        1 
        1875     0.200898     2     1        1 
        1876     0.198927     2     1        1 
        1877      0.19738     2     1        1 
        1878     0.195907     2     1        1 
        1879     0.194569     2     1        1 
        1880     0.192953     2     1        1 
        1881     0.190353     2     1        1 
        1882     0.186425     2     1        1 
        1883     0.178956     2     1        1 
        1884     0.171802     2     1        1 
        1885     0.165104     2     1        1 
        1886     0.160733     2     1        1 
        1887     0.157358     2     1        1 
        1888     0.151364     2     1        1 
        1889      0.14432     2     1        1 
        1890     0.137789     2     1        1 
        1891     0.133382     2     1        1 
        1892     0.131465     2     1        1 
        1893     0.129966     2     1        1 
        1894     0.128533     2     1        1 
        1895     0.129374     2     1        1 
        1896     0.128441     2     1        1 
        1897     0.127082     2     1        1 
        1898      0.12644     2     1        1 
        1899     0.125723     2     1        1 
        1900     0.124722     2     1        1 
        1901     0.124146     2     1        1 
        1902     0.123929     2     1        1 
        1903     0.123004     2     1        1 
        1904     0.123353     2     1        1 
        1905     0.124996     2     1        1 
        1906     0.125107     2     1        1 
        1907     0.124366     2     1        1 
        1908     0.124256     2     1        1 
        1909     0.124614     2     1        1 
        1910     0.127581     2     1        1 
        1911     0.132099     2     1        1 
        1912     0.132066     2     1        1 
        1913      0.12864     2     1        1 
        1914     0.124032     2     1        1 
        1915      0.12049     2     1        1 
        1916     0.118431     2     1        1 
        1917     0.173595     2     1        1 
        1918     0.238683     2     1        1 
        1919     0.221218     2     1        1 
        1920     0.215573     2     1        1 
        1921     0.211868     2     1        1 
        1922     0.208784     2     1        1 
        1923     0.206467     2     1        1 
        1924     0.204365     2     1        1 
        1925     0.202821     2     1        1 
        1926      0.20071     2     1        1 
        1927     0.199523     2     1        1 
        1928     0.198538     2     1        1 
        1929      0.19764     2     1        1 
        1930     0.194149     2     1        1 
        1931     0.188417     2     1        1 
        1932     0.182219     2     1        1 
        1933     0.175607     2     1        1 
        1934     0.170028     2     1        1 
        1935     0.165801     2     1        1 
        1936     0.157678     2     1        1 
        1937     0.148935     2     1        1 
        1938     0.141621     2     1        1 
        1939     0.136498     2     1        1 
        1940     0.133441     2     1        1 
        1941     0.133008     2     1        1 
        1942     0.131366     2     1        1 
        1943     0.130649     2     1        1 
        1944     0.129574     2     1        1 
        1945     0.129849     2     1        1 
        1946     0.128848     2     1        1 
        1947     0.128348     2     1        1 
        1948     0.127848     2     1        1 
        1949     0.127555     2     1        1 
        1950     0.126413     2     1        1 
        1951     0.126413     2     1        1 
        1952     0.126054     2     1        1 
        1953       0.1891     2     1        1 
        1954     0.233458     2     1        1 
        1955     0.216258     2     1        1 
        1956     0.207923     2     1        1 
        1957      0.19842     2     1        1 
        1958     0.189575     2     1        1 
        1959     0.182292     2     1        1 
        1960     0.172312     2     1        1 
        1961     0.161213     2     1        1 
        1962     0.151053     2     1        1 
        1963     0.143806     2     1        1 
        1964     0.140532     2     1        1 
        1965     0.139316     2     1        1 
        1966     0.137891     2     1        1 
        1967     0.137174     2     1        1 
        1968     0.136599     2     1        1 
        1969     0.137091     2     1        1 
        1970     0.135949     2     1        1 
        1971     0.135799     2     1        1 
        1972     0.134798     2     1        1 
        1973     0.134015     2     1        1 
        1974     0.133514     2     1        1 
        1975     0.133222     2     1        1 
        1976     0.128777     2     1        1 
        1977     0.133005     2     1        1 
        1978     0.131872     2     1        1 
        1979     0.130849     2     1        1 
        1980     0.129682     2     1        1 
        1981     0.129265     2     1        1 
        1982     0.130607     2     1        1 
        1983     0.133424     2     1        1 
        1984     0.132757     2     1        1 
        1985     0.129623     2     1        1 
        1986     0.125656     2     1        1 
        1987     0.122748     2     1        1 
        1988     0.120972     2     1        1 
        1989     0.120122     2     1        1 
        1990     0.157757     2     1        1 
        1991     0.248174     2     1        1 
        1992     0.225087     2     1        1 
        1993     0.218746     2     1        1 
        1994     0.215817     2     1        1 
        1995     0.213934     2     1        1 
        1996     0.211901     2     1        1 
        1997     0.210433     2     1        1 
        1998      0.20889     2     1        1 
        1999     0.208055     2     1        1 
        2000     0.207004     2     1        1 
        2001     0.206168     2     1        1 
        2002     0.203386     2     1        1 
        2003     0.198784     2     1        1 
        2004     0.192825     2     1        1 
        2005     0.186183     2     1        1 
        2006      0.18069     2     1        1 
        2007     0.174758     2     1        1 
        2008     0.165926     2     1        1 
        2009     0.156477     2     1        1 
        2010     0.150932     2     1        1 
        2011     0.146736     2     1        1 
        2012     0.143895     2     1        1 
        2013     0.142322     2     1        1 
        2014     0.141889     2     1        1 
        2015      0.14089     2     1        1 
        2016     0.140532     2     1        1 
        2017     0.140532     2     1        1 
        2018     0.139816     2     1        1 
        2019     0.139599     2     1        1 
        2020     0.139099     2     1        1 
        2021     0.138524     2     1        1 
        2022     0.138166     2     1        1 
        2023     0.137591     2     1        1 
        2024     0.137374     2     1        1 
        2025     0.137524     2     1        1 
        2026     0.136958     2     1        1 
        2027     0.134908     2     1        1 
        2028     0.133232     2     1        1 
        2029     0.131382     2     1        1 
        2030     0.132299     2     1        1 
        2031     0.132141     2     1        1 
        2032     0.128157     2     1        1 
        2033      0.12864     2     1        1 
        2034     0.124882     2     1        1 
        2035     0.123399     2     1        1 
        2036     0.122115     2     1        1 
        2037     0.120689     2     1        1 
        2038     0.120038     2     1        1 
        2039     0.119179     2     1        1 
        2040     0.118178     2     1        1 
        2041     0.117885     2     1        1 
        2042     0.117526     2     1        1 
        2043     0.116742     2     1        1 
        2044     0.116165     2     1        1 
        2045     0.115872     2     1        1 
        2046     0.115655     2     1        1 
        2047     0.115154     2     1        1 
        2048     0.173434     2     1        1 
        2049     0.237205     2     1        1 
        2050     0.219397     2     1        1 
        2051     0.212007     2     1        1 
        2052     0.204488     2     1        1 
        2053     0.195456     2     1        1 
        2054      0.18794     2     1        1 
        2055     0.180588     2     1        1 
        2056     0.171247     2     1        1 
        2057     0.160006     2     1        1 
        2058      0.15062     2     1        1 
        2059     0.144439     2     1        1 
        2060     0.141382     2     1        1 
        2061     0.140315     2     1        1 
        2062     0.139674     2     1        1 
        2063     0.138741     2     1        1 
        2064     0.137741     2     1        1 
        2065     0.136808     2     1        1 
        2066     0.136166     2     1        1 
        2067     0.135449     2     1        1 
        2068     0.134807     2     1        1 
        2069      0.13409     2     1        1 
        2070     0.133665     2     1        1 
        2071     0.133231     2     1        1 
        2072     0.132948     2     1        1 
        2073     0.133448     2     1        1 
        2074      0.13254     2     1        1 
        2075     0.130207     2     1        1 
        2076     0.128683     2     1        1 
        2077     0.126766     2     1        1 
        2078     0.127891     2     1        1 
        2079     0.130358     2     1        1 
        2080     0.129273     2     1        1 
        2081     0.126781     2     1        1 
        2082      0.12288     2     1        1 
        2083      0.12033     2     1        1 
        2084     0.134077     2     1        1 
        2085     0.249507     2     1        1 
        2086     0.237158     2     1        1 
        2087     0.225469     2     1        1 
        2088     0.221284     2     1        1 
        2089     0.218916     2     1        1 
        2090     0.216744     2     1        1 
        2091     0.214988     2     1        1 
        2092     0.213315     2     1        1 
        2093     0.212191     2     1        1 
        2094     0.210934     2     1        1 
        2095     0.210234     2     1        1 
        2096     0.209468     2     1        1 
        2097     0.208976     2     1        1 
        2098     0.207108     2     1        1 
        2099      0.20253     2     1        1 
        2100     0.196394     2     1        1 
        2101     0.188168     2     1        1 
        2102      0.18141     2     1        1 
        2103     0.175119     2     1        1 
        2104     0.166277     2     1        1 
        2105     0.156815     2     1        1 
        2106     0.148003     2     1        1 
        2107     0.142739     2     1        1 
        2108     0.148589     2     1        1 
        2109     0.254654     2     1        1 
        2110      0.23694     2     1        1 
        2111     0.230689     2     1        1 
        2112     0.228812     2     1        1 
        2113     0.227851     2     1        1 
        2114     0.226737     2     1        1 
        2115     0.225896     2     1        1 
        2116     0.225631     2     1        1 
        2117     0.225149     2     1        1 
        2118     0.225016     2     1        1 
        2119     0.224392     2     1        1 
        2120     0.223976     2     1        1 
        2121     0.222993     2     1        1 
        2122      0.22105     2     1        1 
        2123     0.217373     2     1        1 
        2124      0.21167     2     1        1 
        2125     0.203675     2     1        1 
        2126     0.195725     2     1        1 
        2127     0.188865     2     1        1 
        2128      0.18024     2     1        1 
        2129     0.170637     2     1        1 
        2130     0.161543     2     1        1 
        2131     0.155221     2     1        1 
        2132     0.151806     2     1        1 
        2133      0.14974     2     1        1 
        2134     0.148666     2     1        1 
        2135     0.147599     2     1        1 
        2136     0.147308     2     1        1 
        2137     0.146308     2     1        1 
        2138     0.145591     2     1        1 
        2139     0.145308     2     1        1 
        2140     0.144449     2     1        1 
        2141     0.144091     2     1        1 
        2142     0.143732     2     1        1 
        2143     0.143157     2     1        1 
        2144     0.143015     2     1        1 
        2145     0.143666     2     1        1 
        2146     0.143466     2     1        1 
        2147     0.140849     2     1        1 
        2148     0.138474     2     1        1 
        2149     0.135857     2     1        1 
        2150     0.135566     2     1        1 
        2151     0.137041     2     1        1 
        2152     0.135458     2     1        1 
        2153      0.13084     2     1        1 
        2154     0.126449     2     1        1 
        2155     0.124107     2     1        1 
        2156     0.122332     2     1        1 
        2157     0.123013     2     1        1 
        2158     0.214746     2     1        1 
        2159     0.217773     2     1        1 
        2160     0.211059     2     1        1 
        2161     0.206363     2     1        1 
        2162     0.202788     2     1        1 
        2163      0.19998     2     1        1 
        2164     0.197737     2     1        1 
        2165     0.195419     2     1        1 
        2166     0.193666     2     1        1 
        2167     0.191628     2     1        1 
        2168     0.190224     2     1        1 
        2169     0.188685     2     1        1 
        2170     0.184406     2     1        1 
        2171     0.177036     2     1        1 
        2172     0.168615     2     1        1 
        2173     0.160826     2     1        1 
        2174     0.155256     2     1        1 
        2175     0.149763     2     1        1 
        2176     0.143066     2     1        1 
        2177     0.136599     2     1        1 
        2178     0.131132     2     1        1 
        2179     0.127582     2     1        1 
        2180      0.12559     2     1        1 
        2181     0.124457     2     1        1 
        2182     0.123598     2     1        1 
        2183     0.122956     2     1        1 
        2184     0.121955     2     1        1 
        2185     0.121379     2     1        1 
        2186     0.120737     2     1        1 
        2187     0.120444     2     1        1 
        2188     0.120019     2     1        1 
        2189     0.119443     2     1        1 
        2190     0.118659     2     1        1 
        2191     0.118017     2     1        1 
        2192     0.117592     2     1        1 
        2193     0.117592     2     1        1 
        2194     0.117308     2     1        1 
        2195     0.117233     2     1        1 
        2196     0.116732     2     1        1 
        2197     0.117015     2     1        1 
        2198     0.118942     2     1        1 
        2199      0.11916     2     1        1 
        2200     0.117592     2     1        1 
        2201     0.117167     2     1        1 
        2202     0.116742     2     1        1 
        2203     0.115042     2     1        1 
        2204     0.114192     2     1        1 
        2205     0.113266     2     1        1 
        2206     0.112755     2     1        1 
        2207      0.11233     2     1        1 
        2208      0.11183     2     1        1 
        2209     0.111187     2     1        1 
        2210      0.11061     2     1        1 
        2211     0.110109     2     1        1 
        2212      0.10975     2     1        1 
        2213     0.109598     2     1        1 
        2214     0.109598     2     1        1 
        2215     0.109598     2     1        1 
        2216     0.114698     2     1        1 
        2217      0.22144     2     1        1 
        2218     0.217564     2     1        1 
        2219     0.209195     2     1        1 
        2220     0.202652     2     1        1 
        2221     0.194958     2     1        1 
        2222     0.187661     2     1        1 
        2223     0.181442     2     1        1 
        2224     0.173803     2     1        1 
        2225     0.164472     2     1        1 
        2226     0.156011     2     1        1 
        2227     0.150039     2     1        1 
        2228     0.146982     2     1        1 
        2229     0.144982     2     1        1 
        2230     0.143916     2     1        1 
        2231     0.142774     2     1        1 
        2232     0.142208     2     1        1 
        2256     0.142208     2     1        1 
        1524       1264.9    40     1        1 
        1764      1576.16    40     1        1 
        2028         1812    40     1        1 
        2244      2063.93    40     1        1 
        1524      87.0953    41     1        1 
        1764       140.08    41     1        1 
        2028      124.766    41     1        1 
        2244      110.559    41     1        1 
        1524       33.738    42     1        1 
        1764      58.3017    42     1        1 
        2028      70.0361    42     1        1 
        2244      86.4434    42     1        1 
        1524      35.8492    43     1        1 
        1764       37.017    43     1        1 
        2028      28.5041    43     1        1 
        2244      18.5104    43     1        1 
end*** END OF INPUT FILE 'FIT.IN' **********************************
