*********************************** COUVREUR MODEL *******************************************
	hxMin		Krs		Kcomp
-16000.0 1.08388e-05 7.992e-07 
*********************************** SUGAR MODEL **********************************************
*** Sugar Transport Parameters ***************************************************************
	Cp		vm		Km 		delta		fstar		ps			
0.11 2.5031404141 0.08 127.8003736806 0.45 3.6e-05 
*** Fruit Physical Parameters ****************************************************************
	Hf		phi_max		k 		tau		Y		a		Lp		Lx		gamma		eta		Ws		
0.996 0.02 0.0058001995 3.38e-06 1.0 0.0190560478 0.015 0.015 5.73 0.65 0 
*** Respiration Parameters *******************************************************************
	ro		qg 		qm			Q10
23.4 0.22 0.00042 1.47 
*** Conversion Parameters ******************************************************************** 
	kst 	kst50 	beta_st 	kdeg_st		ksyn_so
0.0260197071 760.0 4.4325464171 0.0187 0.0005119796 
*** Initial Conditions ***********************************************************************
	t0_fruit	w0		s0 		ss0		st0
	1044	   251.8	 17.34		2.36	7.6
*** Atmospheric Conditions********************************************************************
	nRecords
	2256
	t	Tair	RH		Root_Area
	1	16.3725	0.4655	0.049589557
	2	15.90825	0.49225	0.049697417
	3	16.63575	0.44475	0.049805499
	4	16.421	0.4165	0.049913804
	5	15.34175	0.44275	0.050022332
	6	12.4705	0.541	0.050131083
	7	12.1335	0.58	0.050240057
	8	16.01575	0.42825	0.050349256
	9	18.301	0.3655	0.05045868
	10	19.4365	0.32275	0.050568329
	11	20.61475	0.29975	0.050678202
	12	21.4075	0.28	0.050788302
	13	22.196	0.26925	0.050898628
	14	22.663	0.26125	0.051009181
	15	23.19075	0.26325	0.05111996
	16	23.54475	0.2605	0.051230967
	17	22.04975	0.26675	0.051342202
	18	15.96675	0.369	0.051453665
	19	13.29175	0.4495	0.051565357
	20	11.24775	0.5	0.051677277
	21	8.566	0.66475	0.051789427
	22	7.5565	0.706	0.051901808
	23	7.9575	0.61525	0.052014418
	24	8.40025	0.5515	0.052127259
	25	7.6505	0.62225	0.052240331
	26	7.24225	0.63175	0.052353635
	27	7.12275	0.64	0.052467171
	28	7.19175	0.60875	0.052580939
	29	6.508	0.675	0.05269494
	30	5.67175	0.727	0.052809174
	31	4.86925	0.82025	0.052923642
	32	5.73075	0.80525	0.053038344
	33	7.5485	0.737	0.05315328
	34	9.58075	0.5695	0.053268451
	35	10.418	0.45925	0.053383857
	36	10.85825	0.412	0.053499499
	37	11.552	0.35175	0.053615378
	38	12.91325	0.31025	0.053731492
	39	14.2525	0.28	0.053847844
	40	15.867	0.275	0.053964433
	41	16.96875	0.267	0.05408126
	42	17.74825	0.253	0.054198326
	43	17.05225	0.2695	0.054315629
	44	16.111	0.32125	0.054433172
	45	14.11575	0.40225	0.054550955
	46	12.267	0.4785	0.054668977
	47	11.339	0.54125	0.05478724
	48	10.1755	0.587	0.054905743
	49	9.0705	0.653	0.055024488
	50	8.7545	0.70925	0.055143474
	51	8.23675	0.721	0.055262702
	52	8.3195	0.64775	0.055382173
	53	7.8	0.5845	0.055501887
	54	7.46275	0.60475	0.055621844
	55	7.80525	0.6035	0.055742045
	56	9.2495	0.6135	0.05586249
	57	11.094	0.454	0.055983179
	58	12.96125	0.37325	0.056104114
	59	14.547	0.33975	0.056225294
	60	15.89625	0.3235	0.05634672
	61	16.46275	0.2955	0.056468393
	62	16.79	0.28575	0.056590312
	63	17.09375	0.23475	0.056712478
	64	16.594	0.24175	0.056834892
	65	16.7845	0.208	0.056957554
	66	16.61775	0.2085	0.057080464
	67	15.58075	0.2475	0.057203624
	68	15.0495	0.2745	0.057327033
	69	13.7555	0.387	0.057450691
	70	13.44925	0.3715	0.0575746
	71	13.32275	0.35525	0.05769876
	72	13.56975	0.3305	0.05782317
	73	13.4495	0.30725	0.057947832
	74	12.018	0.37875	0.058072746
	75	10.69925	0.45675	0.058197913
	76	10.65675	0.4395	0.058323332
	77	10.44875	0.42375	0.058449005
	78	10.70525	0.396	0.058574931
	79	9.43475	0.36175	0.058701112
	80	9.8655	0.2885	0.058827547
	81	11.56925	0.23775	0.058954237
	82	13.3405	0.2465	0.059081182
	83	13.79775	0.2135	0.059208384
	84	14.846	0.202	0.059335842
	85	16.26625	0.1855	0.059463557
	86	17.0465	0.17775	0.059591529
	87	17.189	0.1575	0.059719758
	88	17.05225	0.15525	0.059848246
	89	17.12375	0.1445	0.059976992
	90	16.302	0.13475	0.060105998
	91	15.52675	0.12475	0.060235262
	92	13.89325	0.11925	0.060364787
	93	11.26375	0.13375	0.060494572
	94	7.9355	0.2	0.060624618
	95	5.56975	0.291	0.060754925
	96	5.647	0.2965	0.060885494
	97	5.23475	0.38125	0.061016325
	98	3.45825	0.487	0.061147418
	99	1.995	0.52325	0.061278775
	100	1.76675	0.542	0.061410395
	101	1.64075	0.513	0.061542279
	102	0.54125	0.55775	0.061674427
	103	1.23675	0.5765	0.06180684
	104	6.592	0.43875	0.061939518
	105	11.87975	0.287	0.062072462
	106	14.6185	0.2295	0.062205673
	107	17.39675	0.159	0.062339149
	108	20.2755	0.0985	0.062472893
	109	21.97525	0.0795	0.062606905
	110	23.85825	0.076	0.062741184
	111	24.73175	0.06325	0.062875732
	112	25.38025	0.06075	0.063010549
	113	26.12775	0.063	0.063145635
	114	25.09675	0.0735	0.06328099
	115	24.557	0.08275	0.063416617
	116	22.975	0.1135	0.063552513
	117	19.5565	0.1685	0.063688681
	118	16.8255	0.24225	0.063825121
	119	14.55875	0.31975	0.063961832
	120	14.7625	0.34925	0.064098816
	121	13.8755	0.38325	0.064236073
	122	13.15425	0.41825	0.064373604
	123	12.43025	0.4515	0.064511408
	124	10.05575	0.53125	0.064649487
	125	10.86425	0.521	0.06478784
	126	10.70925	0.5235	0.064926469
	127	9.47075	0.57025	0.065065373
	128	12.65775	0.498	0.065204554
	129	18.4675	0.36125	0.065344011
	130	22.38175	0.22125	0.065483745
	131	23.7915	0.15775	0.065623757
	132	25.217	0.1315	0.065764047
	133	26.31075	0.1055	0.065904615
	134	26.3535	0.0835	0.066045462
	135	27.08125	0.0835	0.066186589
	136	27.68975	0.077	0.066327995
	137	27.94275	0.08075	0.066469682
	138	27.4995	0.0845	0.06661165
	139	26.471	0.0835	0.066753899
	140	23.552	0.1125	0.066896429
	141	19.39575	0.1795	0.067039242
	142	17.56925	0.24025	0.067182337
	143	17.48025	0.291	0.067325715
	144	16.564	0.3245	0.067469377
	145	15.20425	0.3975	0.067613323
	146	15.11475	0.42275	0.067757554
	147	14.51725	0.41575	0.067902069
	148	12.7865	0.45025	0.06804687
	149	12.42475	0.45475	0.068191957
	150	11.8435	0.471	0.06833733
	151	12.225	0.45725	0.06848299
	152	14.3665	0.4165	0.068628937
	153	17.224	0.40025	0.068775172
	154	20.091	0.276	0.068921695
	155	21.08575	0.23575	0.069068507
	156	23.348	0.17225	0.069215608
	157	24.97575	0.13075	0.069362999
	158	26.29875	0.1185	0.06951068
	159	27.30975	0.121	0.069658651
	160	25.38	0.155	0.069806913
	161	26.08625	0.17175	0.069955467
	162	23.5805	0.24225	0.070104313
	163	23.38825	0.25325	0.070253452
	164	23.31775	0.2585	0.070402883
	165	18.96725	0.34325	0.070552607
	166	16.89075	0.434	0.070702626
	167	15.974	0.43475	0.070852939
	168	14.34225	0.45075	0.071003546
	169	13.79175	0.516	0.071154449
	170	13.6055	0.52975	0.071305648
	171	12.2	0.56475	0.071457143
	172	12.09775	0.5935	0.071608935
	173	11.928	0.5875	0.071761024
	174	11.0395	0.597	0.07191341
	175	11.77025	0.60575	0.072066095
	176	14.9985	0.5505	0.072219078
	177	19.26425	0.45575	0.07237236
	178	22.49325	0.369	0.072525942
	179	25.59325	0.27525	0.072679824
	180	26.8675	0.2315	0.072834006
	181	28.6305	0.17375	0.07298849
	182	28.23925	0.1455	0.073143275
	183	28.6995	0.14275	0.073298361
	184	29.346	0.12925	0.073453751
	185	28.607	0.11475	0.073609443
	186	26.9845	0.1315	0.073765438
	187	25.4285	0.1605	0.073921737
	188	24.05025	0.19425	0.074078341
	189	22.42325	0.22325	0.074235249
	190	21.712	0.2535	0.074392463
	191	20.84175	0.293	0.074549983
	192	19.5735	0.33875	0.074707808
	193	19.4245	0.351	0.074865941
	194	20.69225	0.3085	0.07502438
	195	20.04325	0.33525	0.075183128
	196	18.9905	0.36575	0.075342183
	197	16.99125	0.40675	0.075501547
	198	14.324	0.489	0.075661221
	199	13.47225	0.5265	0.075821204
	200	16.867	0.491	0.075981497
	201	21.225	0.404	0.0761421
	202	25.32675	0.27975	0.076303015
	203	27.0765	0.23975	0.076464241
	204	28.382	0.20375	0.076625779
	205	29.68425	0.188	0.07678763
	206	30.74875	0.16275	0.076949793
	207	28.879	0.19975	0.07711227
	208	27.6225	0.22875	0.077275061
	209	26.1465	0.2545	0.077438167
	210	24.448	0.276	0.077601587
	211	22.54975	0.29875	0.077765323
	212	20.12675	0.32675	0.077929375
	213	18.2475	0.31825	0.078093743
	214	17.10575	0.2805	0.078258427
	215	15.7175	0.29125	0.07842343
	216	14.547	0.31725	0.07858875
	217	13.1545	0.352	0.078754388
	218	12.40025	0.368	0.078920345
	219	11.126	0.4025	0.079086622
	220	11.467	0.42525	0.079253218
	221	11.96475	0.44925	0.079420134
	222	11.88025	0.479	0.079587372
	223	11.096	0.55025	0.07975493
	224	11.40025	0.50025	0.07992281
	225	11.46125	0.4725	0.080091012
	226	11.21175	0.5035	0.080259537
	227	11.60675	0.50775	0.080428386
	228	12.2	0.4945	0.080597557
	229	14.15125	0.44475	0.080767053
	230	14.41475	0.44325	0.080936874
	231	14.04775	0.46375	0.08110702
	232	12.079	0.5485	0.081277491
	233	10.01825	0.66825	0.081448289
	234	8.81675	0.8095	0.081619413
	235	8.506	0.8645	0.081790864
	236	8.1575	0.8835	0.081962643
	237	8.16375	0.8905	0.082134749
	238	8.2325	0.8955	0.082307185
	239	8.344	0.9005	0.082479949
	240	8.2885	0.90125	0.082653043
	241	8.36275	0.90575	0.082826467
	242	8.5185	0.9085	0.083000221
	243	8.5495	0.90375	0.083174306
	244	8.4625	0.893	0.083348723
	245	8.43775	0.878	0.083523472
	246	8.3505	0.8635	0.083698553
	247	8.475	0.8655	0.083873967
	248	8.86	0.86775	0.084049715
	249	9.24975	0.8545	0.084225797
	250	9.5705	0.8155	0.084402213
	251	9.41675	0.785	0.084578963
	252	9.45375	0.803	0.08475605
	253	9.3605	0.80375	0.084933472
	254	8.67375	0.8265	0.085111231
	255	8.13225	0.854	0.085289326
	256	9.268	0.8615	0.085467759
	257	9.90925	0.8315	0.08564653
	258	9.6875	0.819	0.085825639
	259	9.53975	0.8455	0.086005086
	260	8.61575	0.8585	0.086184874
	261	7.726	0.907	0.086365001
	262	7.57525	0.91925	0.086545468
	263	7.53775	0.924	0.086726276
	264	7.569	0.92475	0.086907426
	265	7.36175	0.923	0.087088917
	266	7.19775	0.92075	0.08727075
	267	6.32375	0.91725	0.087452927
	268	5.75075	0.9195	0.087635446
	269	6.12775	0.9245	0.08781831
	270	6.78175	0.92725	0.088001517
	271	7.034	0.9285	0.08818507
	272	7.217	0.927	0.088368967
	273	7.5065	0.92125	0.08855321
	274	7.97	0.9145	0.0887378
	275	8.649	0.8945	0.088922736
	276	9.18175	0.86525	0.08910802
	277	9.49025	0.85075	0.089293651
	278	8.98875	0.86725	0.08947963
	279	7.9575	0.90525	0.089665958
	280	7.50025	0.9185	0.089852635
	281	7.173	0.9255	0.090039662
	282	6.813	0.934	0.090227039
	283	6.86375	0.94075	0.090414767
	284	6.77525	0.94075	0.090602846
	285	6.28025	0.93475	0.090791276
	286	6.14675	0.9315	0.090980059
	287	5.88525	0.9285	0.091169194
	288	5.2045	0.927	0.091358682
	289	4.395	0.931	0.091548524
	290	3.45875	0.93825	0.09173872
	291	3.1685	0.94575	0.091929271
	292	2.46275	0.95275	0.092120177
	293	2.0065	0.959	0.092311438
	294	1.9865	0.962	0.092503055
	295	3.19625	0.961	0.092695029
	296	6.47325	0.939	0.09288736
	297	10.21025	0.834	0.093080049
	298	13.02725	0.67275	0.093273095
	299	14.63025	0.5765	0.0934665
	300	15.7	0.514	0.093660265
	301	15.9265	0.48375	0.093854388
	302	17.28425	0.4385	0.094048872
	303	17.87275	0.3905	0.094243716
	304	18.1285	0.36175	0.094438921
	305	18.4735	0.34025	0.094634488
	306	18.8955	0.34	0.094830416
	307	17.5875	0.364	0.095026708
	308	16.963	0.38225	0.095223362
	309	15.59875	0.41325	0.095420379
	310	14.313	0.471	0.095617761
	311	12.835	0.53575	0.095815507
	312	10.946	0.6025	0.096013617
	313	9.5335	0.73175	0.096212094
	314	8.53075	0.793	0.096410936
	315	8.65525	0.805	0.096610144
	316	7.60675	0.79625	0.09680972
	317	7.88225	0.8	0.097009663
	318	7.03425	0.7995	0.097209973
	319	7.66225	0.81125	0.097410652
	320	10.4345	0.784	0.0976117
	321	14.792	0.6635	0.097813118
	322	15.40725	0.54825	0.098014905
	323	17.0105	0.478	0.098217062
	324	17.439	0.45125	0.09841959
	325	18.55075	0.4025	0.09862249
	326	18.97275	0.39075	0.098825761
	327	18.41375	0.40575	0.099029405
	328	17.50425	0.41725	0.099233421
	329	16.3915	0.40625	0.099437811
	330	15.84325	0.3745	0.099642574
	331	15.282	0.393	0.099847712
	332	13.87	0.47625	0.100053225
	333	13.1905	0.50075	0.100259112
	334	12.521	0.527	0.100465375
	335	11.53975	0.617	0.100672015
	336	10.528	0.70175	0.100879031
	337	9.373	0.77325	0.101086425
	338	8.99625	0.72925	0.101294196
	339	8.60575	0.784	0.101502345
	340	8.83525	0.7665	0.101710873
	341	8.99625	0.75025	0.101919779
	342	8.87225	0.73775	0.102129066
	343	8.773	0.734	0.102338733
	344	9.50225	0.724	0.10254878
	345	11.0225	0.6215	0.102759208
	346	11.98275	0.57225	0.102970018
	347	13.13025	0.5155	0.10318121
	348	15.276	0.42725	0.103392784
	349	16.695	0.36925	0.103604741
	350	17.825	0.3275	0.103817082
	351	19.169	0.277	0.104029807
	352	19.67425	0.26125	0.104242916
	353	19.17475	0.268	0.104456411
	354	19.18675	0.26575	0.10467029
	355	18.515	0.2785	0.104884556
	356	16.99875	0.35175	0.105099208
	357	15.28175	0.40575	0.105314247
	358	13.2925	0.48475	0.105529673
	359	11.503	0.55625	0.105745487
	360	10.60175	0.61725	0.105961689
	361	10.20375	0.62375	0.10617828
	362	9.93375	0.619	0.106395261
	363	9.2995	0.6295	0.106612631
	364	8.3935	0.64575	0.106830392
	365	7.93825	0.66475	0.107048543
	366	7.31	0.6655	0.107267085
	367	7.5875	0.6885	0.107486019
	368	12.3745	0.4785	0.107705345
	369	15.568	0.38975	0.107925064
	370	18.527	0.31225	0.108145176
	371	20.2575	0.227	0.108365682
	372	21.19275	0.21425	0.108586582
	373	21.742	0.21	0.108807876
	374	21.969	0.21325	0.109029565
	375	22.5675	0.2185	0.10925165
	376	22.7945	0.2255	0.109474131
	377	23.49075	0.223	0.109697008
	378	22.6565	0.2485	0.109920283
	379	21.658	0.2715	0.110143954
	380	20.3885	0.3	0.110368024
	381	18.50325	0.34975	0.110592492
	382	17.13525	0.3875	0.110817359
	383	14.499	0.47825	0.111042625
	384	13.50925	0.527	0.111268291
	385	13.1905	0.54925	0.111494357
	386	12.95575	0.55825	0.111720824
	387	11.7525	0.61175	0.111947692
	388	11.33925	0.6435	0.112174962
	389	11.321	0.62825	0.112402634
	390	9.9565	0.66175	0.112630708
	391	9.638	0.7085	0.112859186
	392	12.04325	0.71625	0.113088067
	393	16.08075	0.52175	0.113317352
	394	17.629	0.45825	0.113547042
	395	19.2165	0.41825	0.113777137
	396	20.6565	0.372	0.114007637
	397	21.5865	0.3585	0.114238543
	398	22.9865	0.29775	0.114469855
	399	24.0685	0.251	0.114701575
	400	24.6955	0.23975	0.114933701
	401	25.0105	0.22425	0.115166236
	402	24.24975	0.239	0.115399178
	403	23.6535	0.25575	0.11563253
	404	22.36425	0.29275	0.11586629
	405	18.67575	0.39825	0.11610046
	406	17.09375	0.4845	0.116335041
	407	17.18925	0.45825	0.116570031
	408	16.01575	0.49475	0.116805433
	409	14.2415	0.56225	0.117041247
	410	14.43325	0.60375	0.117277472
	411	13.48525	0.6315	0.117514109
	412	13.29275	0.644	0.11775116
	413	13.521	0.65175	0.117988624
	414	12.146	0.7175	0.118226501
	415	12.48225	0.73875	0.118464793
	416	15.824	0.645	0.1187035
	417	19.98425	0.48975	0.118942622
	418	21.43725	0.38475	0.119182159
	419	22.3695	0.30575	0.119422112
	420	22.65075	0.3035	0.119662482
	421	24.6355	0.24375	0.119903269
	422	25.20425	0.2	0.120144474
	423	25.95125	0.1745	0.120386096
	424	26.65875	0.1635	0.120628136
	425	27.211	0.15175	0.120870596
	426	27.0705	0.15125	0.121113474
	427	26.09775	0.157	0.121356773
	428	25.02525	0.19425	0.121600491
	429	20.79475	0.278	0.12184463
	430	18.521	0.30875	0.12208919
	431	16.8025	0.34225	0.122334172
	432	16.052	0.3475	0.122579575
	433	14.427	0.3905	0.122825401
	434	13.81325	0.42825	0.12307165
	435	12.49075	0.4755	0.123318322
	436	12.54575	0.48425	0.123565418
	437	13.23075	0.473	0.123812938
	438	14.0015	0.421	0.124060882
	439	13.63475	0.447	0.124309252
	440	16.8195	0.43475	0.124558047
	441	21.356	0.356	0.124807268
	442	25.78225	0.27	0.125056916
	443	26.843	0.256	0.12530699
	444	27.96125	0.179	0.125557491
	445	29.091	0.12025	0.125808421
	446	30.39525	0.09925	0.126059778
	447	31.192	0.09125	0.126311564
	448	31.65175	0.0935	0.126563779
	449	30.49525	0.11925	0.126816423
	450	29.2335	0.142	0.127069498
	451	28.978	0.1775	0.127323002
	452	27.5115	0.20925	0.127576938
	453	24.94375	0.2525	0.127831304
	454	23.0765	0.312	0.128086102
	455	21.8855	0.35	0.128341333
	456	20.96625	0.345	0.128596995
	457	21.46725	0.30575	0.128853091
	458	20.657	0.3335	0.12910962
	459	18.842	0.37975	0.129366583
	460	17.8905	0.406	0.129623979
	461	17.92075	0.405	0.129881811
	462	16.24775	0.4585	0.130140077
	463	15.07275	0.53525	0.130398779
	464	19.157	0.43075	0.130657917
	465	21.42	0.34325	0.130917492
	466	23.222	0.31075	0.131177503
	467	25.28875	0.25	0.131437951
	468	26.33575	0.23725	0.131698836
	469	27.888	0.197	0.13196016
	470	29.427	0.189	0.132221922
	471	29.6475	0.184	0.132484123
	472	29.69025	0.1845	0.132746763
	473	29.29625	0.185	0.133009843
	474	27.95525	0.2195	0.133273363
	475	27.505	0.20875	0.133537323
	476	26.88525	0.19925	0.133801725
	477	25.9755	0.19225	0.134066567
	478	23.205	0.25975	0.134331852
	479	23.635	0.27025	0.134597578
	480	22.46	0.312	0.134863747
	481	20.6685	0.38125	0.135130359
	482	20.442	0.38775	0.135397414
	483	19.90025	0.41125	0.135664914
	484	19.5495	0.42175	0.135932857
	485	18.711	0.4695	0.136201245
	486	18.39	0.4755	0.136470078
	487	18.53875	0.4655	0.136739356
	488	18.8895	0.487	0.13700908
	489	19.7755	0.48275	0.13727925
	490	20.69225	0.46325	0.137549867
	491	20.81125	0.462	0.137820931
	492	21.808	0.41775	0.138092442
	493	23.7555	0.361	0.138364401
	494	25.9635	0.29475	0.138636808
	495	26.1105	0.25325	0.138909663
	496	26.83025	0.25775	0.139182968
	497	27.0395	0.25325	0.139456722
	498	26.4345	0.2585	0.139730926
	499	24.52625	0.30325	0.14000558
	500	23.779	0.31125	0.140280684
	501	22.489	0.33775	0.140556239
	502	21.74175	0.3505	0.140832246
	503	20.78175	0.35575	0.141108704
	504	19.811	0.371	0.141385614
	505	18.69325	0.419	0.141662977
	506	19.1095	0.44125	0.141940793
	507	18.812	0.4815	0.142219062
	508	18.33675	0.493	0.142497784
	509	17.8075	0.4875	0.14277696
	510	17.45075	0.523	0.143056591
	511	16.808	0.55725	0.143336677
	512	17.62925	0.56225	0.143617217
	513	18.699	0.508	0.143898213
	514	19.15675	0.45575	0.144179665
	515	20.1205	0.429	0.144461573
	516	20.04325	0.44425	0.144743938
	517	19.8825	0.49725	0.145026759
	518	20.884	0.473	0.145310038
	519	22.89025	0.399	0.145593775
	520	23.136	0.3755	0.14587797
	521	22.45325	0.35325	0.146162623
	522	22.08825	0.3645	0.146447735
	523	21.30625	0.415	0.146733306
	524	20.9545	0.46875	0.147019337
	525	20.1325	0.51675	0.147305827
	526	19.0085	0.54125	0.147592778
	527	18.46725	0.56375	0.147880189
	528	17.956	0.59225	0.148168061
	529	16.80775	0.632	0.148456395
	530	15.6045	0.6765	0.14874519
	531	15.21075	0.65925	0.149034447
	532	14.924	0.61475	0.149324167
	533	14.433	0.701	0.149614349
	534	14.72075	0.69225	0.149904994
	535	15.07925	0.60625	0.150196103
	536	14.84025	0.64325	0.150487676
	537	16.32575	0.63625	0.150779712
	538	18.497	0.51125	0.151072213
	539	21.20525	0.421	0.151365179
	540	22.97425	0.355	0.15165861
	541	23.70125	0.3205	0.151952506
	542	24.9495	0.292	0.152246868
	543	25.3615	0.28375	0.152541696
	544	24.056	0.2965	0.152836991
	545	21.35575	0.37425	0.153132752
	546	19.157	0.509	0.153428981
	547	17.61125	0.587	0.153725677
	548	18.295	0.53975	0.154022841
	549	17.20675	0.58075	0.154320473
	550	17.7125	0.54775	0.154618573
	551	17.46875	0.4705	0.154917142
	552	15.258	0.548	0.155216181
	553	15.693	0.53275	0.155515688
	554	17.2785	0.4275	0.155815666
	555	15.84875	0.4625	0.156116113
	556	17.1145	0.4265	0.156417031
	557	15.7355	0.46175	0.156718419
	558	15.097	0.50025	0.157020279
	559	15.40175	0.51325	0.15732261
	560	17.04	0.498	0.157625412
	561	20.18675	0.40325	0.157928686
	562	22.801	0.34225	0.158232433
	563	24.48475	0.28825	0.158536652
	564	25.19875	0.23	0.158841344
	565	26.45725	0.22025	0.159146509
	566	26.708	0.20225	0.159452148
	567	26.70225	0.19075	0.15975826
	568	27.87525	0.18	0.160064847
	569	27.69625	0.1855	0.160371907
	570	27.937	0.1715	0.160679443
	571	27.01425	0.18025	0.160987453
	572	25.39225	0.202	0.161295939
	573	23.56975	0.24175	0.1616049
	574	21.2885	0.33275	0.161914337
	575	20.95425	0.34625	0.16222425
	576	20.74575	0.34525	0.16253464
	577	19.93625	0.3685	0.162845506
	578	18.58625	0.42425	0.163156849
	579	17.8315	0.43725	0.163468669
	580	18.2	0.39575	0.163780967
	581	17.18325	0.41925	0.164093743
	582	16.27225	0.44025	0.164406997
	583	16.701	0.445	0.164720729
	584	19.45475	0.41725	0.16503494
	585	22.0475	0.39025	0.16534963
	586	24.5825	0.30325	0.165664799
	587	26.42675	0.23475	0.165980447
	588	26.74675	0.21275	0.166296575
	589	27.34225	0.20175	0.166613183
	590	25.95975	0.2195	0.166930271
	591	28.23975	0.199	0.16724784
	592	27.9695	0.187	0.16756589
	593	27.5505	0.196	0.16788442
	594	26.158	0.2	0.168203432
	595	26.35975	0.20325	0.168522926
	596	25.82975	0.19375	0.168842901
	597	24.68425	0.20575	0.169163358
	598	20.75975	0.2795	0.169484298
	599	19.32975	0.33625	0.16980572
	600	18.00975	0.375	0.170127625
	601	14.618	0.49775	0.170450013
	602	14.7545	0.531	0.170772884
	603	14.19375	0.5475	0.171096238
	604	13.84	0.5365	0.171420077
	605	12.6465	0.584	0.171744399
	606	11.33925	0.66125	0.172069206
	607	12.079	0.65175	0.172394497
	608	15.94275	0.553	0.172720273
	609	20.94375	0.45525	0.173046534
	610	24.13075	0.369	0.173373279
	611	26.122	0.26225	0.173700511
	612	27.4875	0.2355	0.174028227
	613	28.0295	0.222	0.17435643
	614	28.6985	0.21225	0.174685119
	615	29.4335	0.20075	0.175014294
	616	29.40225	0.189	0.175343955
	617	29.1025	0.185	0.175674103
	618	29.02175	0.18975	0.176004738
	619	28.47	0.195	0.17633586
	620	26.185	0.2235	0.17666747
	621	23.75075	0.26675	0.176999566
	622	22.27975	0.2865	0.177332151
	623	19.9005	0.368	0.177665224
	624	18.5385	0.44575	0.177998784
	625	18.64575	0.43375	0.178332834
	626	18.00975	0.461	0.178667371
	627	17.90275	0.479	0.179002397
	628	19.20475	0.43225	0.179337913
	629	19.86475	0.4035	0.179673917
	630	20.27575	0.39875	0.180010411
	631	20.287	0.417	0.180347394
	632	20.29875	0.45475	0.180684867
	633	21.98775	0.39825	0.181022829
	634	24.4305	0.352	0.181361282
	635	24.4725	0.3525	0.181700225
	636	24.94975	0.35075	0.182039658
	637	25.477	0.332	0.182379582
	638	25.164	0.35575	0.182719997
	639	23.99	0.38125	0.183060902
	640	17.8565	0.60825	0.183402299
	641	18.71125	0.57775	0.183744187
	642	18.961	0.6025	0.184086566
	643	20.57575	0.56525	0.184429437
	644	17.86625	0.64175	0.1847728
	645	14.75025	0.7845	0.185116654
	646	14.78625	0.8175	0.185461001
	647	14.65475	0.8265	0.185805839
	648	14.36725	0.81725	0.18615117
	649	13.43625	0.8045	0.186496994
	650	12.94375	0.8155	0.18684331
	651	12.085	0.821	0.187190119
	652	11.90375	0.8305	0.187537421
	653	11.4245	0.82175	0.187885216
	654	11.114	0.84375	0.188233504
	655	11.30025	0.84125	0.188582286
	656	15.274	0.7775	0.188931561
	657	18.68725	0.65975	0.18928133
	658	20.38875	0.59825	0.189631592
	659	21.58675	0.552	0.189982349
	660	22.3995	0.53125	0.190333599
	661	23.172	0.50775	0.190685343
	662	24.074	0.49475	0.191037582
	663	24.58775	0.46725	0.191390315
	664	25.39175	0.44275	0.191743543
	665	25.6655	0.43625	0.192097265
	666	24.7755	0.4405	0.192451482
	667	23.3765	0.459	0.192806194
	668	22.33975	0.46975	0.1931614
	669	20.258	0.60775	0.193517102
	670	17.16525	0.66075	0.193873299
	671	16.6415	0.67275	0.194229991
	672	16.1355	0.72525	0.194587178
	673	16.2725	0.711	0.194944861
	674	16.14725	0.69575	0.195303039
	675	15.89725	0.708	0.195661713
	676	14.89375	0.72675	0.196020883
	677	14.73225	0.742	0.196380548
	678	14.43925	0.748	0.19674071
	679	14.53975	0.75725	0.197101367
	680	18.21775	0.66825	0.19746252
	681	20.52	0.567	0.19782417
	682	22.831	0.47675	0.198186315
	683	24.06825	0.4385	0.198548957
	684	24.974	0.4005	0.198912095
	685	25.769	0.358	0.19927573
	686	26.873	0.3255	0.199639861
	687	27.46225	0.31075	0.200004489
	688	27.8565	0.30525	0.200369613
	689	27.69675	0.3045	0.200735234
	690	27.64175	0.31725	0.201101351
	691	25.54375	0.33875	0.201467965
	692	24.842	0.34725	0.201835076
	693	22.66275	0.375	0.202202684
	694	21.38375	0.43425	0.202570789
	695	19.96575	0.48675	0.202939391
	696	20.40675	0.46775	0.203308489
	697	19.532	0.483	0.203678085
	698	18.19975	0.56175	0.204048178
	699	18.28325	0.5145	0.204418768
	700	17.58175	0.54525	0.204789855
	701	17.32	0.55425	0.205161439
	702	17.201	0.56025	0.20553352
	703	15.9565	0.62075	0.205906099
	704	17.15275	0.6325	0.206279174
	705	21.5035	0.52825	0.206652747
	706	24.62625	0.44125	0.207026817
	707	26.05475	0.3405	0.207401385
	708	26.506	0.30725	0.207776449
	709	27.38525	0.2615	0.208152011
	710	28.601	0.24025	0.208528071
	711	29.578	0.22225	0.208904627
	712	29.135	0.224	0.209281681
	713	28.98475	0.2285	0.209659232
	714	27.64725	0.236	0.21003728
	715	27.29675	0.2545	0.210415826
	716	26.80975	0.251	0.210794869
	717	24.57575	0.31475	0.211174409
	718	22.38875	0.38975	0.211554446
	719	20.71025	0.424	0.211934981
	720	18.4315	0.48525	0.212316012
	721	16.00425	0.57375	0.212697541
	722	15.98025	0.574	0.213079567
	723	16.11725	0.55925	0.21346209
	724	14.28325	0.6135	0.213845111
	725	15.13875	0.60325	0.214228628
	726	13.66475	0.6465	0.214612642
	727	15.32975	0.60425	0.214997153
	728	18.51475	0.525	0.215382161
	729	22.33775	0.487	0.215767666
	730	26.1105	0.37625	0.216153668
	731	28.2465	0.29875	0.216540167
	732	29.247	0.2645	0.216927162
	733	30.14225	0.21725	0.217314654
	734	29.30475	0.20875	0.217702642
	735	24.68975	0.29375	0.218091127
	736	25.85925	0.307	0.218480109
	737	24.82925	0.35775	0.218869587
	738	23.03425	0.39575	0.219259561
	739	22.6745	0.39475	0.219650032
	740	22.573	0.33325	0.220040999
	741	21.223	0.33125	0.220432461
	742	20.04925	0.36375	0.22082442
	743	18.56275	0.4515	0.221216875
	744	19.0975	0.3955	0.221609826
	745	18.42575	0.4115	0.222003272
	746	17.433	0.44525	0.222397214
	747	16.6595	0.5005	0.222791652
	748	16.469	0.5315	0.223186585
	749	16.445	0.513	0.223582014
	750	15.336	0.5735	0.223977938
	751	15.02525	0.62325	0.224374357
	752	17.18275	0.605	0.224771271
	753	19.794	0.544	0.22516868
	754	23.353	0.424	0.225566584
	755	24.835	0.38	0.225964982
	756	25.7505	0.35075	0.226363876
	757	25.92325	0.3265	0.226763263
	758	25.56525	0.3315	0.227163145
	759	25.436	0.333	0.227563521
	760	22.1845	0.39825	0.227964392
	761	23.70475	0.3725	0.228365756
	762	25.623	0.34	0.228767614
	763	25.33775	0.33625	0.229169965
	764	24.159	0.39625	0.229572811
	765	20.95475	0.47375	0.229976149
	766	20.1445	0.43025	0.230379981
	767	17.8905	0.49975	0.230784306
	768	15.9265	0.57375	0.231189123
	769	15.45525	0.58325	0.231594434
	770	15.0375	0.6095	0.232000237
	771	14.63075	0.6165	0.232406532
	772	14.41525	0.6225	0.23281332
	773	12.88025	0.64025	0.2332206
	774	10.9985	0.72975	0.233628372
	775	12.798	0.6925	0.234036635
	776	17.1575	0.5995	0.23444539
	777	21.034	0.486	0.234854637
	778	25.7105	0.3655	0.235264374
	779	26.9285	0.305	0.235674603
	780	26.40375	0.3065	0.236085322
	781	27.26025	0.30225	0.236496532
	782	27.34675	0.29975	0.236908232
	783	28.1505	0.28725	0.237320423
	784	28.37375	0.284	0.237733104
	785	27.186	0.312	0.238146274
	786	27.68975	0.29675	0.238559934
	787	27.9305	0.28125	0.238974083
	788	26.771	0.30725	0.239388722
	789	22.8565	0.3985	0.239803849
	790	20.34675	0.444	0.240219465
	791	18.84775	0.50725	0.24063557
	792	18.069	0.54225	0.241052162
	793	17.8075	0.535	0.241469243
	794	18.218	0.458	0.241886812
	795	18.48525	0.42775	0.242304868
	796	19.6865	0.37425	0.242723412
	797	19.51975	0.358	0.243142442
	798	19.48425	0.34925	0.243561959
	799	17.33125	0.4145	0.243981963
	800	20.64525	0.3835	0.244402454
	801	23.564	0.36525	0.24482343
	802	25.9515	0.2865	0.245244892
	803	26.683	0.25725	0.245666839
	804	28.03575	0.262	0.246089272
	805	29.44675	0.21425	0.24651219
	806	29.5155	0.193	0.246935593
	807	29.80975	0.20725	0.24735948
	808	28.66825	0.21075	0.247783851
	809	27.638	0.2265	0.248208706
	810	25.8795	0.2665	0.248634045
	811	24.672	0.33225	0.249059867
	812	24.21975	0.30375	0.249486171
	813	22.639	0.30325	0.249912959
	814	21.4195	0.327	0.250340229
	815	21.44925	0.33275	0.250767981
	816	20.5255	0.362	0.251196215
	817	20.29925	0.3835	0.251624931
	818	20.41225	0.376	0.252054128
	819	19.79925	0.3875	0.252483805
	820	19.60875	0.37675	0.252913963
	821	18.69325	0.38225	0.253344602
	822	17.59325	0.411	0.25377572
	823	15.99225	0.47025	0.254207318
	824	15.2825	0.53225	0.254639395
	825	15.5265	0.5615	0.255071951
	826	17.53975	0.5145	0.255504986
	827	18.925	0.4755	0.255938499
	828	19.82925	0.4425	0.25637249
	829	21.13325	0.3965	0.256806958
	830	22.1905	0.36725	0.257241904
	831	23.13075	0.3185	0.257677326
	832	24.159	0.28325	0.258113225
	833	24.00175	0.26925	0.2585496
	834	23.954	0.2515	0.258986451
	835	23.20975	0.24575	0.259423778
	836	22.017	0.24475	0.259861579
	837	19.4605	0.2645	0.260299855
	838	16.38425	0.336	0.260738605
	839	14.9415	0.42725	0.261177829
	840	15.67	0.451	0.261617527
	841	14.451	0.48625	0.262057698
	842	13.281	0.52075	0.262498342
	843	12.001	0.58975	0.262939457
	844	10.9005	0.64875	0.263381045
	845	9.669	0.68375	0.263823105
	846	8.56725	0.706	0.264265636
	847	9.416	0.686	0.264708637
	848	13.24225	0.6315	0.265152109
	849	16.07475	0.5065	0.26559605
	850	18.53275	0.464	0.266040462
	851	20.728	0.392	0.266485342
	852	21.354	0.35975	0.266930691
	853	21.8735	0.338	0.267376508
	854	22.885	0.315	0.267822793
	855	23.59275	0.2975	0.268269545
	856	24.46	0.26975	0.268716765
	857	24.78075	0.26	0.269164451
	858	24.9985	0.262	0.269612602
	859	24.24925	0.25575	0.27006122
	860	22.933	0.2675	0.270510303
	861	19.4435	0.36625	0.27095985
	862	16.03925	0.49275	0.271409862
	863	14.565	0.5605	0.271860337
	864	13.7555	0.5495	0.272311276
	865	12.1215	0.5755	0.272762678
	866	10.74775	0.64225	0.273214542
	867	10.363	0.667	0.273666868
	868	10.58725	0.64475	0.274119655
	869	9.124	0.69775	0.274572904
	870	8.59725	0.6955	0.275026612
	871	9.93325	0.65125	0.275480781
	872	14.6155	0.55425	0.27593541
	873	19.56175	0.424	0.276390497
	874	22.71925	0.36575	0.276846043
	875	24.8895	0.29425	0.277302047
	876	26.23725	0.3055	0.277758508
	877	27.47525	0.256	0.278215427
	878	29.10975	0.206	0.278672802
	879	30.338	0.1815	0.279130633
	880	31.46675	0.17425	0.279588919
	881	32.19525	0.1585	0.280047661
	882	32.035	0.13975	0.280506856
	883	31.93925	0.15475	0.280966506
	884	29.611	0.20475	0.281426609
	885	23.92075	0.35575	0.281887165
	886	20.0985	0.441	0.282348173
	887	19.31175	0.49375	0.282809633
	888	17.516	0.46075	0.283271544
	889	17.03425	0.426	0.283733905
	890	16.13525	0.43775	0.284196717
	891	15.6225	0.454	0.284659979
	892	15.19875	0.47875	0.285123689
	893	13.5195	0.536	0.285587848
	894	14.76075	0.4895	0.286052454
	895	14.3245	0.545	0.286517508
	896	17.908	0.50675	0.286983009
	897	22.85525	0.41025	0.287448955
	898	24.54	0.29075	0.287915348
	899	26.4025	0.2355	0.288382185
	900	27.70325	0.25675	0.288849467
	901	29.3465	0.22875	0.289317192
	902	29.75975	0.224	0.289785361
	903	29.6465	0.19775	0.290253972
	904	30.521	0.17875	0.290723025
	905	29.3595	0.19375	0.29119252
	906	28.93575	0.208	0.291662455
	907	27.73375	0.25675	0.292132831
	908	25.5625	0.311	0.292603646
	909	21.74825	0.426	0.2930749
	910	20.9435	0.46675	0.293546593
	911	19.63325	0.48275	0.294018723
	912	16.98575	0.504	0.294491291
	913	15.68825	0.52125	0.294964294
	914	15.342	0.516	0.295437734
	915	16.43925	0.47025	0.295911609
	916	15.55075	0.5175	0.296385918
	917	15.14475	0.52325	0.296860661
	918	14.00775	0.61125	0.297335838
	919	15.45475	0.55875	0.297811447
	920	17.67675	0.554	0.298287488
	921	19.9665	0.5025	0.29876396
	922	21.68225	0.43625	0.299240863
	923	22.89075	0.40175	0.299718196
	924	24.9745	0.40725	0.300195958
	925	25.9085	0.3695	0.300674149
	926	26.71375	0.357	0.301152768
	927	25.94525	0.35475	0.301631814
	928	25.3375	0.39475	0.302111286
	929	25.28425	0.40375	0.302591185
	930	25.85375	0.37775	0.303071508
	931	25.726	0.35075	0.303552256
	932	24.17675	0.43875	0.304033428
	933	23.04175	0.477	0.304515023
	934	21.4195	0.56675	0.304997041
	935	20.06125	0.615	0.30547948
	936	19.86475	0.654	0.30596234
	937	19.8945	0.64875	0.30644562
	938	18.1345	0.67625	0.30692932
	939	17.80775	0.68425	0.307413439
	940	16.89125	0.73175	0.307897976
	941	16.61175	0.738	0.30838293
	942	16.5405	0.744	0.308868301
	943	16.3375	0.75775	0.309354088
	944	19.70475	0.71025	0.30984029
	945	24.042	0.60775	0.310326907
	946	26.9835	0.475	0.310813937
	947	28.289	0.43925	0.31130138
	948	29.31125	0.3875	0.311789235
	949	30.338	0.36525	0.312277502
	950	31.03925	0.34275	0.312766179
	951	31.54175	0.279	0.313255267
	952	32.67775	0.26675	0.313744763
	953	32.2725	0.24675	0.314234668
	954	31.58225	0.26625	0.314724981
	955	29.73375	0.30025	0.3152157
	956	28.773	0.3125	0.315706825
	957	26.77575	0.35775	0.316198356
	958	25.96925	0.37575	0.316690291
	959	27.015	0.32275	0.31718263
	960	24.71825	0.38575	0.317675371
	961	22.98025	0.45475	0.318168515
	962	21.73625	0.51925	0.31866206
	963	20.75175	0.5705	0.319156006
	964	18.4435	0.706	0.319650351
	965	16.9685	0.79875	0.320145096
	966	16.088	0.8685	0.320640238
	967	15.75375	0.89925	0.321135778
	968	15.4435	0.92525	0.321631714
	969	16.17675	0.936	0.322128045
	970	18.1165	0.919	0.322624772
	971	21.016	0.80375	0.323121892
	972	24.3675	0.61075	0.323619405
	973	25.1925	0.54075	0.324117311
	974	26.201	0.5065	0.324615608
	975	26.971	0.48575	0.325114296
	976	26.537	0.47575	0.325613374
	977	24.6525	0.49175	0.32611284
	978	23.76725	0.572	0.326612695
	979	22.81225	0.6385	0.327112937
	980	22.02325	0.5735	0.327613565
	981	20.52525	0.58825	0.328114578
	982	20.51975	0.59425	0.328615977
	983	19.93	0.60775	0.329117758
	984	17.4625	0.705	0.329619923
	985	16.80225	0.77925	0.33012247
	986	16.159	0.8405	0.330625398
	987	15.2525	0.8675	0.331128706
	988	15.115	0.86375	0.331632393
	989	15.21675	0.86675	0.332136459
	990	15.15675	0.85375	0.332640903
	991	15.43775	0.8055	0.333145723
	992	17.41475	0.74925	0.333650918
	993	20.6805	0.66425	0.334156489
	994	22.065	0.615	0.334662434
	995	24.15375	0.53175	0.335168751
	996	25.42925	0.444	0.335675441
	997	26.274	0.41325	0.336182502
	998	27.3455	0.37325	0.336689933
	999	28.20275	0.3475	0.337197733
	1000	28.568	0.35075	0.337705902
	1001	28.74825	0.33375	0.338214439
	1002	27.928	0.31875	0.338723342
	1003	26.51275	0.35825	0.339232611
	1004	24.07075	0.42175	0.339742244
	1005	21.874	0.473	0.340252241
	1006	19.734	0.557	0.340762601
	1007	17.6825	0.644	0.341273323
	1008	17.4745	0.6475	0.341784405
	1009	16.26625	0.70525	0.342295848
	1010	15.52675	0.73825	0.342807649
	1011	16.20075	0.73625	0.343319809
	1012	14.67175	0.746	0.343832325
	1013	13.76775	0.80275	0.344345198
	1014	13.55125	0.824	0.344858426
	1015	14.373	0.812	0.345372008
	1016	18.158	0.774	0.345885943
	1017	19.704	0.6975	0.34640023
	1018	22.839	0.5995	0.346914869
	1019	24.5395	0.496	0.347429857
	1020	25.44675	0.4405	0.347945195
	1021	25.73225	0.428	0.348460881
	1022	26.372	0.40425	0.348976915
	1023	26.15825	0.407	0.349493294
	1024	27.21125	0.3725	0.350010019
	1025	26.9285	0.363	0.350527088
	1026	25.6355	0.403	0.3510445
	1027	24.442	0.4065	0.351562254
	1028	22.84325	0.48225	0.35208035
	1029	21.43125	0.58925	0.352598785
	1030	20.98425	0.5875	0.35311756
	1031	19.62075	0.64125	0.353636673
	1032	19.1925	0.66925	0.354156123
	1033	18.30675	0.64625	0.354675908
	1034	18.271	0.6655	0.355196029
	1035	17.48625	0.6835	0.355716484
	1036	16.20675	0.77825	0.356237272
	1037	15.64075	0.8535	0.356758392
	1038	15.51525	0.872	0.357279842
	1039	15.68825	0.88875	0.357801622
	1040	17.39125	0.88025	0.358323731
	1041	18.31275	0.7855	0.358846168
	1042	18.8655	0.78875	0.359368931
	1043	20.59725	0.73025	0.35989202
	1044	24.0585	0.61375	0.360415433
	1045	25.81125	0.455	0.36093917
	1046	26.10375	0.418	0.361463229
	1047	27.25375	0.38375	0.361987609
	1048	27.73275	0.38125	0.36251231
	1049	27.64675	0.36875	0.363037329
	1050	27.536	0.3315	0.363562667
	1051	27.08775	0.3485	0.364088321
	1052	24.7385	0.39175	0.364614292
	1053	23.15475	0.40175	0.365140577
	1054	21.90275	0.445	0.365667176
	1055	20.44825	0.49525	0.366194087
	1056	19.12725	0.55675	0.36672131
	1057	18.806	0.6015	0.367248843
	1058	18.5445	0.62325	0.367776685
	1059	18.283	0.65275	0.368304835
	1060	17.879	0.67725	0.368833293
	1061	16.7665	0.73625	0.369362056
	1062	16.195	0.76875	0.369891124
	1063	16.03975	0.76075	0.370420496
	1064	17.474	0.589	0.370950171
	1065	19.84075	0.4865	0.371480146
	1066	20.71625	0.481	0.372010422
	1067	21.11575	0.4985	0.372540998
	1068	23.31775	0.46475	0.373071871
	1069	25.70925	0.4215	0.373603041
	1070	25.99575	0.41875	0.374134507
	1071	27.61675	0.40625	0.374666267
	1072	29.12825	0.33775	0.375198321
	1073	25.90225	0.3745	0.375730667
	1074	24.593	0.399	0.376263304
	1075	24.17675	0.43425	0.376796231
	1076	23.1545	0.495	0.377329447
	1077	21.61075	0.511	0.377862951
	1078	20.734	0.4785	0.378396741
	1079	20.466	0.45225	0.378930816
	1080	19.84075	0.444	0.379465176
	1081	19.28175	0.45875	0.379999818
	1082	18.4735	0.46775	0.380534742
	1083	17.09375	0.5195	0.381069947
	1084	15.90275	0.55275	0.381605432
	1085	15.1925	0.5945	0.382141194
	1086	15.19825	0.676	0.382677234
	1087	16.62975	0.642	0.38321355
	1088	18.039	0.6035	0.38375014
	1089	19.657	0.5905	0.384287004
	1090	21.55675	0.49475	0.38482414
	1091	22.72875	0.40125	0.385361547
	1092	23.9605	0.3995	0.385899224
	1093	24.77475	0.3895	0.38643717
	1094	25.20425	0.39775	0.386975383
	1095	25.37425	0.4015	0.387513863
	1096	25.083	0.42	0.388052608
	1097	24.424	0.4175	0.388591616
	1098	23.85775	0.44275	0.389130887
	1099	21.5165	0.55175	0.38967042
	1100	18.53275	0.69925	0.390210213
	1101	16.29025	0.816	0.390750264
	1102	16.15925	0.81325	0.391290574
	1103	16.34975	0.81225	0.39183114
	1104	16.68925	0.78725	0.392371961
	1105	17.052	0.73575	0.392913036
	1106	16.6	0.75475	0.393454364
	1107	16.6535	0.79275	0.393995944
	1108	16.84375	0.75525	0.394537774
	1109	17.6055	0.631	0.395079853
	1110	17.0105	0.64775	0.395622179
	1111	17.92075	0.56725	0.396164753
	1112	18.33075	0.542	0.396707571
	1113	19.7885	0.55875	0.397250634
	1114	22.595	0.55125	0.39779394
	1115	26.311	0.46475	0.398337487
	1116	27.50525	0.355	0.398881274
	1117	28.16	0.29625	0.399425301
	1118	28.80375	0.28525	0.399969565
	1119	29.272	0.28575	0.400514066
	1120	28.657	0.2875	0.401058802
	1121	24.84075	0.38825	0.401603772
	1122	20.32375	0.59825	0.402148974
	1123	20.87125	0.5145	0.402694408
	1124	19.496	0.596	0.403240072
	1125	19.18075	0.649	0.403785965
	1126	19.10925	0.64025	0.404332085
	1127	19.28175	0.63175	0.404878432
	1128	18.15225	0.681	0.405425003
	1129	17.1115	0.7055	0.405971799
	1130	16.3915	0.713	0.406518816
	1131	16.23675	0.7145	0.407066055
	1132	15.86725	0.706	0.407613513
	1133	15.91475	0.69225	0.40816119
	1134	14.84575	0.7035	0.408709084
	1135	14.79175	0.70775	0.409257194
	1136	18.12825	0.64725	0.409805519
	1137	21.82625	0.51925	0.410354057
	1138	23.7975	0.38875	0.410902806
	1139	24.71375	0.35275	0.411451767
	1140	26.2255	0.32625	0.412000936
	1141	26.5365	0.307	0.412550314
	1142	27.05075	0.291	0.413099898
	1143	27.77	0.28025	0.413649688
	1144	28.46275	0.26275	0.414199682
	1145	29.52775	0.2395	0.414749878
	1146	28.866	0.24975	0.415300276
	1147	28.34525	0.25475	0.415850874
	1148	26.36725	0.267	0.41640167
	1149	22.54675	0.2765	0.416952664
	1150	18.69325	0.4305	0.417503854
	1151	17.49125	0.51925	0.418055238
	1152	16.13525	0.62275	0.418606816
	1153	16.05775	0.56325	0.419158586
	1154	14.18725	0.64425	0.419710547
	1155	14.90025	0.645	0.420262697
	1156	13.24475	0.67425	0.420815035
	1157	13.443	0.69475	0.421367559
	1158	13.052	0.69625	0.421920269
	1159	13.2265	0.70175	0.422473163
	1160	16.52075	0.64325	0.423026239
	1161	21.81725	0.53225	0.423579497
	1162	25.681	0.444	0.424132934
	1163	27.71025	0.29075	0.42468655
	1164	28.80375	0.26075	0.425240343
	1165	29.278	0.236	0.425794312
	1166	30.36275	0.18275	0.426348455
	1167	29.89075	0.1935	0.426902771
	1168	31.0645	0.205	0.427457259
	1169	31.07175	0.203	0.428011917
	1170	30.9765	0.2185	0.428566744
	1171	29.922	0.21475	0.429121738
	1172	27.946	0.23775	0.429676899
	1173	23.4215	0.336	0.430232224
	1174	20.5565	0.467	0.430787713
	1175	19.246	0.51275	0.431343364
	1176	17.1415	0.55175	0.431899175
	1177	15.54875	0.59875	0.432455146
	1178	13.9775	0.6795	0.433011275
	1179	13.557	0.7155	0.43356756
	1180	14.9525	0.659	0.434124
	1181	14.10775	0.64125	0.434680594
	1182	13.6775	0.68875	0.43523734
	1183	14.05425	0.70175	0.435794237
	1184	17.85475	0.6215	0.436351283
	1185	21.70725	0.5195	0.436908478
	1186	25.6015	0.4035	0.437465819
	1187	26.867	0.3435	0.438023306
	1188	28.50825	0.3095	0.438580936
	1189	29.60275	0.3065	0.439138709
	1190	30.54	0.29525	0.439696623
	1191	29.0475	0.32875	0.440254677
	1192	28.37575	0.34875	0.440812869
	1193	29.49775	0.337	0.441371198
	1194	29.65225	0.31475	0.441929662
	1195	28.7415	0.354	0.44248826
	1196	28.769	0.3785	0.443046991
	1197	23.84325	0.5205	0.443605854
	1198	20.33525	0.62975	0.444164846
	1199	19.66275	0.575	0.444723966
	1200	19.3355	0.4965	0.445283213
	1201	17.27225	0.601	0.445842586
	1202	17.504	0.57725	0.446402083
	1203	17.867	0.54475	0.446961703
	1204	17.71225	0.54475	0.447521444
	1205	17.46875	0.54675	0.448081305
	1206	15.878	0.6105	0.448641284
	1207	16.87325	0.5975	0.44920138
	1208	17.742	0.497	0.449761592
	1209	19.24025	0.50825	0.450321918
	1210	21.94	0.48425	0.450882356
	1211	24.33425	0.426	0.451442906
	1212	26.16475	0.40025	0.452003566
	1213	28.267	0.361	0.452564334
	1214	30.36925	0.2865	0.453125209
	1215	31.8695	0.26875	0.453686189
	1216	31.61225	0.27925	0.454247274
	1217	31.88775	0.249	0.454808461
	1218	31.4335	0.223	0.455369749
	1219	29.992	0.25925	0.455931137
	1220	26.7725	0.32225	0.456492624
	1221	25.45875	0.29675	0.457054207
	1222	23.58675	0.311	0.457615886
	1223	23.232	0.344	0.458177659
	1224	22.53725	0.36375	0.458739524
	1225	21.95675	0.3835	0.45930148
	1226	21.1155	0.40475	0.459863526
	1227	19.383	0.48775	0.460425661
	1228	18.723	0.53025	0.460987882
	1229	17.8965	0.561	0.461550188
	1230	16.993	0.583	0.462112578
	1231	16.6355	0.6065	0.46267505
	1232	18.717	0.635	0.463237604
	1233	21.2715	0.52075	0.463800236
	1234	23.102	0.45625	0.464362947
	1235	25.98325	0.40375	0.464925735
	1236	27.78525	0.37525	0.465488597
	1237	29.078	0.344	0.466051533
	1238	28.0625	0.30625	0.466614541
	1239	29.98525	0.257	0.467177621
	1240	30.2425	0.2355	0.467740769
	1241	30.52	0.22475	0.468303985
	1242	30.3305	0.2405	0.468867267
	1243	29.49	0.237	0.469430615
	1244	27.772	0.27775	0.469994025
	1245	24.3915	0.35	0.470557498
	1246	20.93675	0.47725	0.471121031
	1247	17.97375	0.57925	0.471684623
	1248	16.3615	0.66375	0.472248273
	1249	17.2725	0.59875	0.472811979
	1250	16.588	0.5775	0.473375739
	1251	16.6715	0.54675	0.473939553
	1252	16.028	0.55075	0.474503418
	1253	15.07325	0.6065	0.475067334
	1254	14.68475	0.6215	0.475631298
	1255	14.55875	0.639	0.476195309
	1256	17.24775	0.6265	0.476759367
	1257	22.7235	0.52825	0.477323468
	1258	27.151	0.40725	0.477887613
	1259	27.82525	0.32325	0.478451799
	1260	28.798	0.318	0.479016025
	1261	30.46375	0.26525	0.479580289
	1262	31.79875	0.208	0.48014459
	1263	33.374	0.20075	0.480708927
	1264	33.01775	0.215	0.481273298
	1265	30.8305	0.24425	0.481837701
	1266	29.43375	0.291	0.482402135
	1267	28.6425	0.3255	0.4829666
	1268	27.55475	0.3485	0.483531092
	1269	25.2505	0.39675	0.484095611
	1270	21.4155	0.529	0.484660155
	1271	19.4545	0.657	0.485224722
	1272	18.26525	0.674	0.485789312
	1273	18.98475	0.5655	0.486353923
	1274	17.766	0.55425	0.486918553
	1275	17.74225	0.55825	0.487483201
	1276	16.08725	0.60675	0.488047865
	1277	15.73425	0.612	0.488612544
	1278	14.39725	0.6685	0.489177236
	1279	17.02775	0.593	0.48974194
	1280	20.38275	0.4965	0.490306655
	1281	23.44	0.49375	0.490871378
	1282	26.96075	0.419	0.49143611
	1283	28.52475	0.36475	0.492000847
	1284	30.29425	0.30375	0.492565588
	1285	31.7465	0.269	0.493130333
	1286	32.8475	0.249	0.493695079
	1287	34.35575	0.23975	0.494259825
	1288	35.12325	0.2175	0.49482457
	1289	35.415	0.21675	0.495389312
	1290	35.27575	0.223	0.495954049
	1291	34.56675	0.22875	0.496518781
	1292	31.306	0.297	0.497083505
	1293	27.3355	0.39225	0.497648221
	1294	25.054	0.45375	0.498212926
	1295	22.856	0.50225	0.498777619
	1296	22.0165	0.46625	0.4993423
	1297	21.6525	0.4315	0.499906965
	1298	21.473	0.45975	0.500471615
	1299	19.526	0.58025	0.501036247
	1300	17.1355	0.66125	0.501600859
	1301	17.83125	0.72	0.502165451
	1302	17.558	0.7475	0.502730021
	1303	17.84925	0.76425	0.503294568
	1304	19.80525	0.7225	0.503859089
	1305	21.8915	0.67025	0.504423584
	1306	24.6065	0.59125	0.504988051
	1307	26.4765	0.53675	0.505552488
	1308	27.83825	0.49375	0.506116894
	1309	29.15275	0.46775	0.506681268
	1310	30.87475	0.399	0.507245609
	1311	32.71925	0.3445	0.507809913
	1312	33.74575	0.3275	0.508374181
	1313	33.359	0.351	0.508938411
	1314	32.8265	0.36875	0.509502601
	1315	31.868	0.38025	0.510066749
	1316	30.056	0.42775	0.510630855
	1317	26.743	0.53125	0.511194917
	1318	26.93	0.45875	0.511758933
	1319	25.38825	0.394	0.512322902
	1320	21.92125	0.5335	0.512886822
	1321	21.4375	0.59375	0.513450692
	1322	20.937	0.58625	0.514014511
	1323	19.15675	0.667	0.514578277
	1324	19.74575	0.64725	0.515141988
	1325	18.729	0.66325	0.515705643
	1326	16.7905	0.7365	0.516269241
	1327	16.70075	0.79975	0.51683278
	1328	21.00475	0.733	0.517396258
	1329	26.04575	0.53025	0.517959675
	1330	27.493	0.48975	0.518523029
	1331	29.1985	0.45325	0.519086317
	1332	31.136	0.415	0.51964954
	1333	31.15475	0.446	0.520212695
	1334	33.0885	0.42425	0.520775781
	1335	34.62	0.30775	0.521338796
	1336	34.6595	0.30625	0.521901739
	1337	33.75	0.30175	0.522464609
	1338	33.274	0.2925	0.523027404
	1339	32.556	0.28975	0.523590122
	1340	31.24375	0.291	0.524152762
	1341	29.66525	0.328	0.524715323
	1342	28.0925	0.362	0.525277804
	1343	25.21725	0.42975	0.525840202
	1344	24.15875	0.469	0.526402516
	1345	23.9355	0.4815	0.526964746
	1346	23.3105	0.477	0.527526888
	1347	23.034	0.49	0.528088943
	1348	22.39325	0.517	0.528650908
	1349	22.29175	0.53075	0.529212782
	1350	20.978	0.5725	0.529774564
	1351	20.0135	0.62225	0.530336252
	1352	22.687	0.58425	0.530897845
	1353	24.44225	0.57025	0.531459341
	1354	25.79425	0.547	0.532020738
	1355	27.5485	0.512	0.532582036
	1356	28.7935	0.50325	0.533143234
	1357	29.4025	0.49	0.533704328
	1358	30.199	0.468	0.534265319
	1359	30.055	0.43575	0.534826204
	1360	31.18325	0.4375	0.535386983
	1361	32.1305	0.41925	0.535947653
	1362	31.83575	0.39875	0.536508213
	1363	30.6415	0.4065	0.537068663
	1364	29.11575	0.453	0.537629
	1365	27.56125	0.49975	0.538189222
	1366	25.61725	0.548	0.53874933
	1367	24.01475	0.619	0.539309321
	1368	23.85825	0.6175	0.539869193
	1369	23.7555	0.641	0.540428946
	1370	22.75875	0.66	0.540988577
	1371	20.57325	0.73275	0.541548086
	1372	20.1505	0.7795	0.542107471
	1373	20.94275	0.759	0.542666731
	1374	21.951	0.6495	0.543225863
	1375	21.80175	0.65825	0.543784868
	1376	22.496	0.677	0.544343743
	1377	25.0895	0.645	0.544902486
	1378	26.69575	0.5955	0.545461098
	1379	27.524	0.5585	0.546019575
	1380	28.36925	0.53875	0.546577917
	1381	29.58525	0.51175	0.547136123
	1382	30.14325	0.51575	0.54769419
	1383	28.916	0.51375	0.548252118
	1384	29.89275	0.4755	0.548809904
	1385	28.7355	0.5085	0.549367549
	1386	28.6795	0.5165	0.549925049
	1387	29.0475	0.515	0.550482405
	1388	27.531	0.54225	0.551039613
	1389	25.946	0.57775	0.551596674
	1390	24.15325	0.6195	0.552153586
	1391	23.9055	0.645	0.552710347
	1392	23.4125	0.627	0.553266955
	1393	22.322	0.664	0.55382341
	1394	21.30625	0.722	0.554379711
	1395	20.31125	0.77	0.554935854
	1396	20.6505	0.80125	0.55549184
	1397	19.9185	0.80725	0.556047667
	1398	19.76375	0.8375	0.556603334
	1399	20.07325	0.8415	0.557158838
	1400	23.27125	0.7605	0.55771418
	1401	27.321	0.62675	0.558269356
	1402	27.85075	0.58675	0.558824367
	1403	29.2715	0.55575	0.55937921
	1404	30.34975	0.52375	0.559933885
	1405	31.29325	0.4725	0.560488389
	1406	32.285	0.43025	0.561042722
	1407	32.78275	0.406	0.561596882
	1408	32.03075	0.4245	0.562150868
	1409	32.1375	0.4245	0.562704678
	1410	32.8795	0.40775	0.563258311
	1411	30.3055	0.46925	0.563811766
	1412	29.609	0.4625	0.564365041
	1413	28.51925	0.48025	0.564918135
	1414	26.87925	0.53875	0.565471046
	1415	25.6955	0.57175	0.566023774
	1416	23.75525	0.625	0.566576317
	1417	22.7165	0.64125	0.567128673
	1418	21.9925	0.66	0.567680841
	1419	21.3005	0.6725	0.56823282
	1420	20.92475	0.686	0.568784608
	1421	20.40625	0.72	0.569336205
	1422	20.67425	0.729	0.569887609
	1423	20.6205	0.741	0.570438817
	1424	20.81125	0.74375	0.57098983
	1425	20.6145	0.74475	0.571540646
	1426	21.127	0.74125	0.572091263
	1427	22.30375	0.71725	0.57264168
	1428	23.052	0.69025	0.573191896
	1429	23.19025	0.67575	0.57374191
	1430	23.76125	0.66225	0.574291719
	1431	24.237	0.6275	0.574841324
	1432	23.8335	0.6455	0.575390721
	1433	23.304	0.669	0.575939911
	1434	23.16	0.67425	0.576488892
	1435	22.92625	0.67875	0.577037662
	1436	22.22	0.69375	0.577586221
	1437	21.527	0.72425	0.578134566
	1438	20.36475	0.77675	0.578682697
	1439	20.03125	0.7625	0.579230612
	1440	19.49	0.76325	0.57977831
	1441	19.4365	0.772	0.58032579
	1442	19.0915	0.7965	0.58087305
	1443	18.9605	0.83325	0.581420089
	1444	19.00825	0.8375	0.581966906
	1445	19.044	0.828	0.582513499
	1446	18.4735	0.8295	0.583059867
	1447	17.754	0.8705	0.58360601
	1448	17.76	0.886	0.584151925
	1449	17.207	0.90025	0.584697611
	1450	17.183	0.91275	0.585243067
	1451	17.653	0.91775	0.585788292
	1452	18.62775	0.91675	0.586333285
	1453	19.57325	0.89775	0.586878043
	1454	19.728	0.87125	0.587422567
	1455	19.00275	0.869	0.587966854
	1456	18.4675	0.8965	0.588510904
	1457	18.3365	0.9145	0.589054714
	1458	18.43775	0.9195	0.589598285
	1459	18.3425	0.92325	0.590141614
	1460	18.07475	0.93175	0.5906847
	1461	17.68275	0.93975	0.591227543
	1462	17.653	0.9455	0.59177014
	1463	17.70075	0.94875	0.592312491
	1464	17.78975	0.94825	0.592854594
	1465	17.94425	0.93475	0.593396448
	1466	17.65875	0.92775	0.593938052
	1467	17.71225	0.92575	0.594479405
	1468	17.54	0.9165	0.595020504
	1469	17.4925	0.9125	0.59556135
	1470	16.89125	0.89625	0.596101941
	1471	16.06975	0.924	0.596642275
	1472	16.45125	0.9345	0.597182352
	1473	16.3145	0.936	0.59772217
	1474	16.5585	0.936	0.598261728
	1475	17.10575	0.9225	0.598801024
	1476	18.03325	0.88525	0.599340059
	1477	18.41375	0.833	0.599878829
	1478	18.6575	0.8235	0.600417334
	1479	18.9725	0.808	0.600955573
	1480	19.58525	0.77075	0.601493545
	1481	19.50175	0.759	0.602031248
	1482	19.08575	0.80125	0.602568682
	1483	18.949	0.83525	0.603105844
	1484	18.84175	0.85	0.603642735
	1485	18.25925	0.86975	0.604179351
	1486	17.97375	0.87975	0.604715694
	1487	17.27825	0.8715	0.60525176
	1488	16.975	0.8875	0.60578755
	1489	16.2185	0.8965	0.606323061
	1490	15.4255	0.8945	0.606858294
	1491	14.7685	0.89325	0.607393245
	1492	14.70275	0.8835	0.607927915
	1493	14.445	0.886	0.608462302
	1494	14.09775	0.88575	0.608996405
	1495	14.63625	0.873	0.609530223
	1496	17.688	0.80775	0.610063754
	1497	21.3195	0.724	0.610596998
	1498	25.5615	0.6225	0.611129954
	1499	27.88175	0.48975	0.611662619
	1500	28.47525	0.444	0.612194993
	1501	28.4005	0.409	0.612727075
	1502	28.4625	0.405	0.613258864
	1503	29.197	0.4185	0.613790359
	1504	30.0195	0.38	0.614321557
	1505	29.0595	0.40825	0.614852459
	1506	28.53775	0.44075	0.615383064
	1507	27.5865	0.4605	0.615913369
	1508	25.91525	0.53975	0.616443374
	1509	23.689	0.652	0.616973077
	1510	23.29375	0.60775	0.617502478
	1511	20.5095	0.67925	0.618031576
	1512	19.43075	0.78175	0.618560369
	1513	19.038	0.80025	0.619088856
	1514	18.42	0.832	0.619617037
	1515	17.62925	0.8375	0.620144909
	1516	16.564	0.85575	0.620672472
	1517	15.72975	0.88125	0.621199725
	1518	15.12725	0.91175	0.621726667
	1519	14.94775	0.93325	0.622253296
	1520	15.24025	0.94125	0.622779611
	1521	15.706	0.94675	0.623305612
	1522	16.51025	0.93925	0.623831297
	1523	19.282	0.8455	0.624356666
	1524	21.43775	0.70325	0.624881716
	1525	24.30525	0.57925	0.625406448
	1526	25.41	0.52	0.625930859
	1527	24.94975	0.507	0.626454949
	1528	24.72125	0.4995	0.626978717
	1529	25.10125	0.48475	0.627502162
	1530	24.38175	0.52125	0.628025282
	1531	24.141	0.5285	0.628548077
	1532	23.6175	0.57225	0.629070546
	1533	21.24175	0.649	0.629592686
	1534	19.0025	0.74325	0.630114499
	1535	17.1355	0.789	0.630635981
	1536	16.80225	0.79925	0.631157133
	1537	16.969	0.7875	0.631677953
	1538	17.13575	0.757	0.63219844
	1539	17.02825	0.76	0.632718593
	1540	17.21875	0.73275	0.633238412
	1541	16.093	0.75375	0.633757894
	1542	18.79425	0.62475	0.63427704
	1543	19.59125	0.526	0.634795848
	1544	19.28775	0.5705	0.635314316
	1545	20.877	0.59325	0.635832445
	1546	24.741	0.51175	0.636350232
	1547	26.531	0.47	0.636867677
	1548	27.499	0.397	0.63738478
	1549	27.95	0.368	0.637901538
	1550	28.2765	0.3355	0.638417951
	1551	28.62475	0.30825	0.638934018
	1552	29.634	0.27625	0.639449738
	1553	29.8655	0.24575	0.639965109
	1554	29.81575	0.25475	0.640480132
	1555	29.1965	0.26225	0.640994804
	1556	26.741	0.371	0.641509126
	1557	21.5855	0.562	0.642023095
	1558	19.5555	0.64825	0.642536711
	1559	18.2415	0.63425	0.643049973
	1560	17.12975	0.66875	0.643562881
	1561	15.83675	0.688	0.644075432
	1562	14.6425	0.76525	0.644587626
	1563	15.22225	0.76375	0.645099462
	1564	16.02775	0.703	0.64561094
	1565	15.676	0.69375	0.646122057
	1566	14.57075	0.73075	0.646632814
	1567	14.01925	0.78	0.647143209
	1568	17.83675	0.742	0.647653242
	1569	20.931	0.62275	0.64816291
	1570	23.64175	0.51725	0.648672214
	1571	25.89825	0.45475	0.649181153
	1572	27.259	0.38875	0.649689725
	1573	27.8315	0.3825	0.65019793
	1574	28.52425	0.3695	0.650705766
	1575	28.9095	0.34225	0.651213233
	1576	29.60875	0.32025	0.65172033
	1577	29.81575	0.31825	0.652227056
	1578	26.13375	0.35525	0.652733409
	1579	20.72475	0.59775	0.65323939
	1580	19.62125	0.712	0.653744997
	1581	20.02525	0.67175	0.654250229
	1582	18.64	0.71625	0.654755086
	1583	16.79025	0.80075	0.655259566
	1584	16.731	0.84	0.655763668
	1585	15.7595	0.83775	0.656267392
	1586	15.6575	0.84025	0.656770737
	1587	14.65425	0.86875	0.657273702
	1588	15.84925	0.88025	0.657776286
	1589	15.103	0.89175	0.658278488
	1590	13.81	0.90275	0.658780307
	1591	13.69525	0.9055	0.659281742
	1592	16.95675	0.87225	0.659782793
	1593	19.9665	0.76825	0.660283459
	1594	22.50125	0.66225	0.660783738
	1595	24.24925	0.59	0.66128363
	1596	24.99825	0.54975	0.661783134
	1597	25.86575	0.495	0.66228225
	1598	26.65925	0.4655	0.662780975
	1599	27.70925	0.39525	0.663279311
	1600	28.599	0.36575	0.663777254
	1601	29.36525	0.327	0.664274806
	1602	29.6035	0.33	0.664771965
	1603	29.11625	0.34225	0.665268729
	1604	26.15725	0.45475	0.665765099
	1605	20.54525	0.6575	0.666261074
	1606	17.98575	0.759	0.666756652
	1607	16.48075	0.801	0.667251833
	1608	16.415	0.78775	0.667746615
	1609	15.9685	0.74775	0.668241
	1610	15.485	0.7745	0.668734984
	1611	14.81625	0.8325	0.669228568
	1612	14.21775	0.86475	0.669721751
	1613	14.24775	0.888	0.670214532
	1614	14.73225	0.88975	0.67070691
	1615	15.83125	0.84125	0.671198884
	1616	16.90325	0.7425	0.671690454
	1617	18.741	0.66175	0.672181619
	1618	19.89425	0.589	0.672672377
	1619	19.82325	0.582	0.673162729
	1620	20.2695	0.57925	0.673652674
	1621	21.12125	0.54925	0.67414221
	1622	23.0955	0.531	0.674631337
	1623	23.767	0.514	0.675120054
	1624	23.59275	0.515	0.675608361
	1625	24.026	0.50225	0.676096256
	1626	23.8995	0.5085	0.676583739
	1627	22.76525	0.555	0.677070809
	1628	21.56875	0.62775	0.677557466
	1629	20.59075	0.683	0.678043708
	1630	19.69225	0.707	0.678529535
	1631	19.11525	0.68775	0.679014947
	1632	18.11075	0.74875	0.679499942
	1633	17.55175	0.797	0.679984519
	1634	16.9335	0.83375	0.680468678
	1635	15.89075	0.87	0.680952419
	1636	15.38975	0.8925	0.68143574
	1637	15.49725	0.91025	0.681918641
	1638	15.46725	0.9245	0.682401121
	1639	15.348	0.9345	0.682883179
	1640	15.557	0.9405	0.683364816
	1641	16.177	0.942	0.683846029
	1642	17.23675	0.93825	0.684326818
	1643	19.63875	0.8935	0.684807183
	1644	21.731	0.803	0.685287122
	1645	23.31025	0.70325	0.685766636
	1646	24.207	0.667	0.686245724
	1647	25.2465	0.615	0.686724384
	1648	26.019	0.5745	0.687202616
	1649	26.4025	0.55625	0.68768042
	1650	24.908	0.56175	0.688157794
	1651	23.8155	0.57	0.688634739
	1652	23.10775	0.59875	0.689111253
	1653	19.99025	0.6835	0.689587336
	1654	17.51	0.78675	0.690062987
	1655	16.6475	0.8415	0.690538206
	1656	16.153	0.86275	0.691012991
	1657	15.873	0.879	0.691487342
	1658	15.5745	0.88425	0.691961259
	1659	15.0435	0.88425	0.692434741
	1660	14.89375	0.87625	0.692907787
	1661	13.89275	0.872	0.693380397
	1662	14.188	0.87175	0.69385257
	1663	14.4325	0.85275	0.694324305
	1664	17.623	0.808	0.694795602
	1665	22.63	0.696	0.695266459
	1666	25.53275	0.599	0.695736878
	1667	26.39625	0.53975	0.696206856
	1668	27.48825	0.4985	0.696676393
	1669	28.07875	0.45775	0.69714549
	1670	29.115	0.391	0.697614144
	1671	29.3775	0.3815	0.698082355
	1672	29.8665	0.38175	0.698550124
	1673	29.8715	0.347	0.699017449
	1674	29.41475	0.33375	0.699484329
	1675	28.705	0.341	0.699950765
	1676	26.34425	0.3925	0.700416755
	1677	22.80175	0.44525	0.700882298
	1678	21.1035	0.49575	0.701347396
	1679	21.515	0.538	0.701812046
	1680	20.478	0.57275	0.702276248
	1681	17.6285	0.6505	0.702740002
	1682	15.7835	0.75275	0.703203307
	1683	14.642	0.793	0.703666162
	1684	13.50925	0.84675	0.704128567
	1685	12.9735	0.86225	0.704590522
	1686	12.213	0.88275	0.705052026
	1687	13.44275	0.89025	0.705513078
	1688	16.604	0.83775	0.705973678
	1689	20.50175	0.703	0.706433825
	1690	22.29825	0.61525	0.706893518
	1691	24.316	0.5725	0.707352758
	1692	25.59225	0.54425	0.707811543
	1693	26.99	0.51425	0.708269874
	1694	28.601	0.44	0.708727749
	1695	29.254	0.412	0.709185168
	1696	29.743	0.42575	0.709642131
	1697	28.493	0.442	0.710098637
	1698	29.1525	0.4245	0.710554685
	1699	29.128	0.39825	0.711010276
	1700	26.12075	0.47575	0.711465408
	1701	22.96425	0.55725	0.711920081
	1702	19.56775	0.685	0.712374294
	1703	20.43025	0.62725	0.712828048
	1704	19.29975	0.67125	0.713281341
	1705	17.4805	0.76825	0.713734173
	1706	18.723	0.7355	0.714186544
	1707	19.27	0.655	0.714638453
	1708	18.8775	0.651	0.715089899
	1709	19.3115	0.6355	0.715540883
	1710	18.8775	0.64775	0.715991403
	1711	18.59225	0.68825	0.71644146
	1712	18.74675	0.73	0.716891052
	1713	19.28775	0.71475	0.71734018
	1714	18.9905	0.7325	0.717788843
	1715	18.47925	0.79225	0.71823704
	1716	18.8655	0.812	0.718684771
	1717	19.026	0.8385	0.719132036
	1718	19.43025	0.837	0.719578833
	1719	19.2345	0.84825	0.720025164
	1720	18.3725	0.86975	0.720471026
	1721	18.52675	0.87575	0.720916421
	1722	18.65775	0.859	0.721361347
	1723	19.026	0.829	0.721805803
	1724	19.50175	0.81225	0.722249791
	1725	17.95	0.81875	0.722693308
	1726	17.74225	0.861	0.723136355
	1727	17.326	0.871	0.723578931
	1728	16.5285	0.87825	0.724021037
	1729	16.71875	0.86425	0.72446267
	1730	16.40325	0.852	0.724903832
	1731	16.606	0.833	0.725344521
	1732	15.974	0.81775	0.725784738
	1733	14.9235	0.8485	0.726224482
	1734	14.78625	0.84625	0.726663752
	1735	15.07325	0.825	0.727102548
	1736	17.42575	0.78775	0.72754087
	1737	22.21425	0.68875	0.727978718
	1738	25.77625	0.58325	0.72841609
	1739	27.27825	0.527	0.728852987
	1740	27.678	0.48875	0.729289408
	1741	28.03575	0.43125	0.729725354
	1742	28.92825	0.40575	0.730160822
	1743	29.797	0.36	0.730595814
	1744	30.9695	0.3345	0.731030329
	1745	30.79075	0.33425	0.731464366
	1746	29.62375	0.389	0.731897925
	1747	27.66075	0.41775	0.732331006
	1748	25.9875	0.485	0.732763609
	1749	23.29625	0.59625	0.733195733
	1750	20.4065	0.74275	0.733627377
	1751	20.79375	0.6675	0.734058542
	1752	18.84825	0.6775	0.734489227
	1753	18.5745	0.6955	0.734919432
	1754	18.58625	0.6735	0.735349156
	1755	17.7655	0.6685	0.735778399
	1756	16.147	0.749	0.736207162
	1757	16.3735	0.7675	0.736635442
	1758	16.43925	0.754	0.737063241
	1759	16.6655	0.75475	0.737490558
	1760	19.23475	0.746	0.737917393
	1761	23.41925	0.66625	0.738343745
	1762	25.3205	0.607	0.738769613
	1763	25.58625	0.58	0.739194999
	1764	27.29975	0.53025	0.739619901
	1765	27.499	0.47075	0.740044319
	1766	29.3335	0.44325	0.740468253
	1767	30.79	0.432	0.740891703
	1768	30.0545	0.44625	0.741314667
	1769	28.4935	0.476	0.741737147
	1770	27.87575	0.46775	0.742159142
	1771	26.25625	0.5295	0.742580651
	1772	25.2775	0.516	0.743001675
	1773	23.93625	0.489	0.743422212
	1774	21.748	0.5765	0.743842263
	1775	20.13825	0.66075	0.744261828
	1776	18.5505	0.7585	0.744680905
	1777	17.84325	0.83375	0.745099496
	1778	17.49825	0.87325	0.7455176
	1779	17.082	0.89975	0.745935216
	1780	16.701	0.9155	0.746352344
	1781	16.8975	0.92525	0.746768984
	1782	16.99875	0.93225	0.747185136
	1783	16.55825	0.93675	0.747600799
	1784	16.57625	0.935	0.748015974
	1785	17.219	0.913	0.74843066
	1786	17.284	0.8835	0.748844857
	1787	18.2355	0.868	0.749258564
	1788	19.145	0.82225	0.749671782
	1789	21.36025	0.77375	0.75008451
	1790	21.8855	0.749	0.750496748
	1791	23.23975	0.68375	0.750908496
	1792	23.52125	0.6595	0.751319754
	1793	23.54475	0.65125	0.751730521
	1794	23.539	0.6385	0.752140797
	1795	22.47725	0.651	0.752550582
	1796	21.30625	0.7075	0.752959876
	1797	19.3115	0.79175	0.753368679
	1798	19.175	0.826	0.75377699
	1799	18.58625	0.838	0.75418481
	1800	18.77075	0.85825	0.754592137
	1801	18.426	0.88375	0.754998973
	1802	18.19975	0.90825	0.755405316
	1803	17.67675	0.92075	0.755811167
	1804	17.231	0.92825	0.756216525
	1805	16.84425	0.9345	0.756621391
	1806	16.86775	0.9375	0.757025763
	1807	17.21875	0.93725	0.757429643
	1808	17.766	0.91875	0.757833029
	1809	19.5495	0.85275	0.758235922
	1810	21.25875	0.7605	0.758638322
	1811	21.94525	0.7105	0.759040228
	1812	24.72825	0.60475	0.75944164
	1813	24.908	0.552	0.759842558
	1814	24.33325	0.575	0.760242982
	1815	25.31325	0.57075	0.760642912
	1816	25.33775	0.555	0.761042348
	1817	25.5015	0.5355	0.761441289
	1818	25.64825	0.527	0.761839735
	1819	26.1525	0.45925	0.762237687
	1820	24.613	0.47875	0.762635144
	1821	20.8655	0.58175	0.763032106
	1822	18.70525	0.64675	0.763428574
	1823	16.8025	0.751	0.763824545
	1824	17.8905	0.7035	0.764220022
	1825	17.421	0.68125	0.764615003
	1826	16.82625	0.69725	0.765009489
	1827	15.45475	0.73575	0.765403479
	1828	16.31975	0.73125	0.765796974
	1829	16.183	0.7205	0.766189973
	1830	15.4195	0.73525	0.766582476
	1831	15.93825	0.73975	0.766974483
	1832	17.974	0.7045	0.767365994
	1833	22.12075	0.65875	0.767757009
	1834	26.04175	0.5755	0.768147527
	1835	28.55	0.4745	0.76853755
	1836	29.08425	0.42525	0.768927076
	1837	29.7035	0.41275	0.769316106
	1838	30.36325	0.358	0.769704639
	1839	30.27675	0.362	0.770092676
	1840	25.91325	0.425	0.770480216
	1841	23.725	0.4615	0.770867259
	1842	25.5395	0.43325	0.771253806
	1843	27.536	0.406	0.771639856
	1844	26.05225	0.443	0.772025409
	1845	20.7045	0.6325	0.772410465
	1846	19.978	0.632	0.772795025
	1847	18.919	0.65325	0.773179087
	1848	18.27125	0.67025	0.773562653
	1849	17.27225	0.6825	0.773945721
	1850	17.22475	0.67675	0.774328292
	1851	16.725	0.677	0.774710367
	1852	17.08825	0.65525	0.775091944
	1853	17.09375	0.635	0.775473024
	1854	16.28425	0.64525	0.775853606
	1855	15.885	0.669	0.776233692
	1856	18.6815	0.629	0.77661328
	1857	23.3445	0.552	0.776992371
	1858	27.556	0.47475	0.777370965
	1859	30.1105	0.4145	0.777749062
	1860	30.98225	0.32625	0.778126661
	1861	31.18575	0.29975	0.778503763
	1862	32.003	0.2905	0.778880368
	1863	32.5	0.28675	0.779256475
	1864	30.21975	0.2965	0.779632086
	1865	28.7985	0.3165	0.780007199
	1866	29.63775	0.3395	0.780381814
	1867	27.24725	0.35925	0.780755933
	1868	26.28075	0.36625	0.781129554
	1869	24.213	0.41925	0.781502678
	1870	22.304	0.449	0.781875304
	1871	20.35275	0.50275	0.782247434
	1872	18.7705	0.53675	0.782619066
	1873	18.598	0.547	0.782990201
	1874	17.55775	0.578	0.78336084
	1875	17.5875	0.569	0.783730981
	1876	17.766	0.559	0.784100625
	1877	17.576	0.5545	0.784469771
	1878	16.93325	0.5715	0.784838421
	1879	16.844	0.58225	0.785206574
	1880	19.15125	0.55675	0.785574231
	1881	23.72925	0.49375	0.78594139
	1882	28.757	0.4325	0.786308052
	1883	31.34475	0.342	0.786674218
	1884	31.96525	0.3145	0.787039887
	1885	32.08575	0.31325	0.787405059
	1886	31.94525	0.30925	0.787769735
	1887	32.47825	0.31375	0.788133914
	1888	33.06625	0.29575	0.788497597
	1889	33.44375	0.294	0.788860783
	1890	33.7175	0.293	0.789223473
	1891	32.9245	0.32075	0.789585667
	1892	29.3085	0.3775	0.789947365
	1893	26.79675	0.3385	0.790308566
	1894	23.865	0.3955	0.790669272
	1895	21.18725	0.4665	0.791029481
	1896	20.05525	0.4935	0.791389194
	1897	20.25775	0.487	0.791748412
	1898	18.7885	0.5195	0.792107134
	1899	17.75375	0.55125	0.792465361
	1900	18.24725	0.5165	0.792823092
	1901	16.539	0.5565	0.793180327
	1902	17.02825	0.5625	0.793537067
	1903	16.78425	0.57	0.793893312
	1904	18.86	0.59375	0.794249062
	1905	24.4445	0.47	0.794604316
	1906	29.7285	0.40175	0.794959076
	1907	32.24725	0.35775	0.795313341
	1908	32.69775	0.3	0.795667111
	1909	33.0145	0.3405	0.796020387
	1910	33.908	0.294	0.796373168
	1911	34.684	0.28675	0.796725454
	1912	35.0525	0.25625	0.797077247
	1913	35.376	0.264	0.797428545
	1914	34.8715	0.2645	0.797779349
	1915	34.06825	0.32225	0.79812966
	1916	31.14475	0.412	0.798479476
	1917	26.00925	0.49075	0.798828799
	1918	23.5465	0.54375	0.799177629
	1919	21.697	0.59825	0.799525965
	1920	19.25275	0.64475	0.799873808
	1921	18.1465	0.69675	0.800221158
	1922	18.9135	0.62875	0.800568015
	1923	19.716	0.5515	0.800914379
	1924	18.27725	0.589	0.80126025
	1925	16.35475	0.669	0.801605629
	1926	15.1235	0.70475	0.801950515
	1927	16.8435	0.68675	0.80229491
	1928	19.4965	0.64275	0.802638812
	1929	25.06275	0.53975	0.802982222
	1930	28.88175	0.45725	0.803325141
	1931	30.94425	0.3785	0.803667568
	1932	31.5105	0.4025	0.804009503
	1933	32.76825	0.35975	0.804350947
	1934	33.9345	0.33125	0.804691901
	1935	34.61825	0.3005	0.805032363
	1936	35.8605	0.26875	0.805372334
	1937	35.32775	0.30675	0.805711815
	1938	33.14725	0.377	0.806050806
	1939	31.9195	0.39725	0.806389306
	1940	30.28925	0.4135	0.806727316
	1941	28.444	0.416	0.807064837
	1942	27.3275	0.39675	0.807401867
	1943	26.03025	0.40975	0.807738408
	1944	23.45225	0.46725	0.80807446
	1945	20.7045	0.61725	0.808410023
	1946	19.4305	0.66775	0.808745097
	1947	19.04425	0.68175	0.809079682
	1948	16.8615	0.7435	0.809413778
	1949	17.1295	0.7795	0.809747386
	1950	17.088	0.77675	0.810080506
	1951	17.96825	0.74425	0.810413138
	1952	20.234	0.684	0.810745282
	1953	25.59	0.58175	0.811076939
	1954	27.23025	0.52025	0.811408108
	1955	29.3035	0.47375	0.811738791
	1956	30.9285	0.4315	0.812068986
	1957	32.2725	0.401	0.812398695
	1958	32.53025	0.389	0.812727917
	1959	32.32325	0.412	0.813056653
	1960	32.8465	0.38975	0.813384902
	1961	32.65225	0.372	0.813712666
	1962	32.1435	0.363	0.814039945
	1963	31.37675	0.342	0.814366737
	1964	29.34225	0.379	0.814693045
	1965	26.9895	0.4145	0.815018868
	1966	25.83575	0.46625	0.815344206
	1967	25.27675	0.5095	0.81566906
	1968	23.4975	0.55475	0.815993429
	1969	21.57475	0.625	0.816317315
	1970	19.30025	0.69475	0.816640716
	1971	17.84925	0.7655	0.816963634
	1972	17.84925	0.75375	0.817286069
	1973	16.8555	0.76975	0.817608021
	1974	15.7715	0.8215	0.81792949
	1975	16.1225	0.83875	0.818250476
	1976	19.7225	0.74325	0.81857098
	1977	24.49925	0.62325	0.818891002
	1978	26.5925	0.56275	0.819210542
	1979	28.50025	0.512	0.819529601
	1980	30.52125	0.46125	0.819848178
	1981	32.15	0.4035	0.820166274
	1982	32.686	0.395	0.82048389
	1983	33.1325	0.37875	0.820801025
	1984	33.68525	0.351	0.821117679
	1985	33.7305	0.3495	0.821433854
	1986	32.86725	0.37825	0.821749549
	1987	31.53625	0.39875	0.822064764
	1988	29.599	0.45325	0.822379501
	1989	27.30925	0.448	0.822693758
	1990	26.67725	0.4825	0.823007537
	1991	25.5435	0.5495	0.823320837
	1992	24.611	0.5845	0.823633659
	1993	23.4185	0.638	0.823946003
	1994	22.202	0.68975	0.82425787
	1995	20.746	0.73575	0.824569259
	1996	18.7885	0.79675	0.824880172
	1997	18.42575	0.81325	0.825190608
	1998	18.05725	0.79625	0.825500567
	1999	17.72425	0.8245	0.82581005
	2000	20.07325	0.821	0.826119057
	2001	23.46125	0.74475	0.826427589
	2002	25.291	0.671	0.826735646
	2003	27.5015	0.5885	0.827043227
	2004	29.572	0.5225	0.827350334
	2005	31.30725	0.46825	0.827656966
	2006	32.93375	0.43325	0.827963125
	2007	33.31375	0.4355	0.828268809
	2008	33.09825	0.40875	0.82857402
	2009	32.2335	0.411	0.828878758
	2010	28.376	0.5355	0.829183023
	2011	27.92	0.524	0.829486816
	2012	25.51325	0.52325	0.829790136
	2013	24.74425	0.52225	0.830092984
	2014	24.07425	0.5385	0.830395361
	2015	24.5145	0.52775	0.830697266
	2016	22.9025	0.616	0.8309987
	2017	21.90325	0.69425	0.831299663
	2018	21.67	0.7175	0.831600156
	2019	19.86475	0.7665	0.831900179
	2020	19.2105	0.822	0.832199733
	2021	18.5505	0.82625	0.832498816
	2022	17.9385	0.8435	0.832797431
	2023	18.12875	0.828	0.833095577
	2024	20.502	0.781	0.833393254
	2025	23.593	0.6935	0.833690464
	2026	26.068	0.61675	0.833987205
	2027	28.4315	0.5335	0.834283479
	2028	30.1625	0.46075	0.834579286
	2029	31.5875	0.43175	0.834874626
	2030	32.971	0.37025	0.835169499
	2031	31.63775	0.38125	0.835463906
	2032	33.076	0.391	0.835757848
	2033	33.8885	0.3705	0.836051324
	2034	31.93875	0.43375	0.836344335
	2035	30.83175	0.4375	0.836636881
	2036	28.90275	0.4725	0.836928962
	2037	27.35775	0.52025	0.83722058
	2038	25.933	0.5465	0.837511733
	2039	23.9965	0.595	0.837802424
	2040	22.03525	0.677	0.838092651
	2041	21.8915	0.71325	0.838382415
	2042	20.35925	0.73475	0.838671717
	2043	20.28125	0.7705	0.838960557
	2044	20.23375	0.75325	0.839248936
	2045	18.604	0.7785	0.839536853
	2046	18.967	0.76925	0.839824309
	2047	17.3195	0.79175	0.840111304
	2048	20.24125	0.8145	0.840397839
	2049	25.41325	0.66575	0.840683914
	2050	27.50625	0.57525	0.84096953
	2051	29.40275	0.53875	0.841254686
	2052	30.76775	0.49475	0.841539384
	2053	31.6315	0.471	0.841823623
	2054	32.4355	0.437	0.842107404
	2055	34.2305	0.36325	0.842390728
	2056	35.59575	0.33275	0.842673594
	2057	34.045	0.3855	0.842956003
	2058	33.73075	0.37425	0.843237955
	2059	31.7955	0.3905	0.843519451
	2060	29.25625	0.45825	0.843800492
	2061	27.19225	0.50625	0.844081076
	2062	25.8975	0.54325	0.844361206
	2063	24.64275	0.531	0.844640881
	2064	23.8935	0.5645	0.844920101
	2065	22.2385	0.598	0.845198868
	2066	21.07975	0.65825	0.84547718
	2067	19.1745	0.7355	0.84575504
	2068	19.58525	0.7515	0.846032447
	2069	20.56125	0.686	0.846309401
	2070	19.3835	0.697	0.846585903
	2071	19.264	0.75575	0.846861953
	2072	21.2955	0.71275	0.847137552
	2073	26.44375	0.5975	0.847412701
	2074	29.06575	0.4895	0.847687398
	2075	30.315	0.45425	0.847961645
	2076	32.16475	0.38575	0.848235443
	2077	33.47	0.3495	0.848508791
	2078	33.999	0.32975	0.84878169
	2079	34.58825	0.31725	0.849054141
	2080	35.08975	0.30925	0.849326143
	2081	35.1245	0.29525	0.849597698
	2082	35.3835	0.268	0.849868805
	2083	34.0015	0.30625	0.850139465
	2084	30.951	0.3635	0.850409679
	2085	26.94475	0.454	0.850679446
	2086	24.69625	0.5415	0.850948768
	2087	23.07075	0.5705	0.851217644
	2088	21.63525	0.5945	0.851486075
	2089	19.9065	0.68425	0.851754061
	2090	20.67425	0.6185	0.852021603
	2091	20.3945	0.6025	0.852288702
	2092	19.8825	0.61125	0.852555357
	2093	19.34725	0.639	0.852821569
	2094	18.27725	0.67075	0.853087338
	2095	17.581	0.69675	0.853352665
	2096	19.60975	0.71775	0.853617551
	2097	25.63325	0.563	0.853881995
	2098	28.613	0.47075	0.854145998
	2099	29.87875	0.4315	0.854409561
	2100	31.44225	0.40925	0.854672683
	2101	33.23075	0.33975	0.854935366
	2102	34.04075	0.30975	0.85519761
	2103	34.54625	0.29375	0.855459414
	2104	34.15025	0.286	0.85572078
	2105	34.4735	0.289	0.855981709
	2106	33.294	0.29375	0.856242199
	2107	32.0035	0.31625	0.856502252
	2108	29.6535	0.3845	0.856761869
	2109	24.4595	0.541	0.857021049
	2110	21.86175	0.63375	0.857279793
	2111	22.03475	0.584	0.857538102
	2112	19.6685	0.65575	0.857795976
	2113	19.2105	0.64225	0.858053415
	2114	21.22975	0.53025	0.85831042
	2115	17.9265	0.64725	0.858566991
	2116	16.939	0.72525	0.858823128
	2117	17.62925	0.702	0.859078833
	2118	18.2	0.6565	0.859334105
	2119	16.8735	0.70025	0.859588945
	2120	18.777	0.74875	0.859843354
	2121	24.5575	0.54175	0.860097331
	2122	28.50975	0.4325	0.860350877
	2123	30.82025	0.4105	0.860603993
	2124	32.711	0.36775	0.860856679
	2125	33.4645	0.321	0.861108936
	2126	34.236	0.3	0.861360764
	2127	34.99575	0.2895	0.861612163
	2128	35.549	0.2925	0.861863133
	2129	35.52225	0.28325	0.862113676
	2130	34.308	0.293	0.862363792
	2131	33.035	0.3	0.862613481
	2132	30.98325	0.3085	0.862862743
	2133	29.17825	0.31225	0.86311158
	2134	28.4995	0.3465	0.863359991
	2135	26.844	0.41	0.863607976
	2136	24.334	0.48375	0.863855537
	2137	22.99925	0.48875	0.864102674
	2138	21.479	0.55375	0.864349388
	2139	20.0135	0.62475	0.864595677
	2140	18.6635	0.70025	0.864841544
	2141	17.02825	0.79075	0.865086989
	2142	17.171	0.81	0.865332011
	2143	18.14625	0.7415	0.865576612
	2144	20.306	0.6995	0.865820792
	2145	25.89525	0.562	0.866064551
	2146	28.63125	0.4515	0.86630789
	2147	31.226	0.39875	0.86655081
	2148	33.427	0.35225	0.86679331
	2149	35.15525	0.32425	0.867035391
	2150	36.5275	0.28525	0.867277054
	2151	37.98675	0.2575	0.867518299
	2152	38.99025	0.21925	0.867759126
	2153	37.73725	0.2495	0.867999536
	2154	37.11275	0.26675	0.86823953
	2155	34.52725	0.33225	0.868479108
	2156	31.939	0.32225	0.86871827
	2157	28.1015	0.38625	0.868957017
	2158	25.35775	0.46775	0.869195349
	2159	24.353	0.47975	0.869433267
	2160	23.97825	0.527	0.869670771
	2161	22.825	0.55475	0.869907861
	2162	20.84175	0.63475	0.870144539
	2163	21.36	0.5945	0.870380804
	2164	20.96625	0.59025	0.870616657
	2165	20.47775	0.6055	0.870852099
	2166	19.47225	0.63875	0.87108713
	2167	17.629	0.7375	0.87132175
	2168	20.43075	0.6755	0.87155596
	2169	24.40125	0.59975	0.87178976
	2170	26.8125	0.522	0.872023151
	2171	28.357	0.461	0.872256133
	2172	28.97225	0.45875	0.872488707
	2173	30.1365	0.43975	0.872720873
	2174	31.249	0.41325	0.872952632
	2175	32.1245	0.3805	0.873183984
	2176	32.3425	0.358	0.87341493
	2177	32.639	0.355	0.873645469
	2178	32.17525	0.36075	0.873875603
	2179	30.446	0.3765	0.874105332
	2180	28.82275	0.41625	0.874334657
	2181	27.7455	0.437	0.874563577
	2182	26.9895	0.44875	0.874792094
	2183	25.6115	0.488	0.875020208
	2184	24.36975	0.527	0.875247919
	2185	23.19625	0.56675	0.875475227
	2186	22.42325	0.58275	0.875702134
	2187	21.62825	0.61475	0.87592864
	2188	21.35375	0.60575	0.876154745
	2189	20.7935	0.56125	0.87638045
	2190	19.69225	0.5475	0.876605755
	2191	19.49	0.5895	0.87683066
	2192	19.38275	0.6275	0.877055167
	2193	19.75175	0.65475	0.877279275
	2194	20.061	0.6415	0.877502985
	2195	20.6445	0.6295	0.877726298
	2196	20.9365	0.5995	0.877949214
	2197	22.6155	0.5335	0.878171733
	2198	24.249	0.4935	0.878393857
	2199	23.26225	0.52575	0.878615584
	2200	22.998	0.56175	0.878836917
	2201	23.3765	0.53725	0.879057855
	2202	23.19025	0.528	0.879278399
	2203	22.15425	0.54225	0.879498549
	2204	21.5565	0.559	0.879718306
	2205	20.86475	0.57375	0.87993767
	2206	20.53125	0.562	0.880156642
	2207	19.5735	0.596	0.880375223
	2208	18.271	0.625	0.880593412
	2209	17.177	0.70725	0.88081121
	2210	16.86175	0.7175	0.881028618
	2211	16.08775	0.75	0.881245637
	2212	15.89075	0.76325	0.881462266
	2213	15.50325	0.777	0.881678506
	2214	15.32975	0.779	0.881894357
	2215	15.55675	0.80375	0.882109821
	2216	16.5995	0.82575	0.882324898
	2217	20.2875	0.64175	0.882539587
	2218	21.83175	0.52875	0.88275389
	2219	23.53875	0.4475	0.882967807
	2220	24.5575	0.39125	0.883181339
	2221	25.873	0.3755	0.883394485
	2222	26.5745	0.34325	0.883607247
	2223	28.091	0.33075	0.883819626
	2224	28.3325	0.30425	0.88403162
	2225	29.1845	0.291	0.884243232
	2226	28.16275	0.2995	0.884454461
	2227	26.6345	0.3225	0.884665307
	2228	24.9335	0.36075	0.884875773
	2229	23.56275	0.4265	0.885085857
	2230	23.2745	0.436	0.88529556
	2231	22.0705	0.4825	0.885504884
	2232	21.0675	0.51475	0.885713827
	2233	19.68625	0.535	0.885922392
	2234	17.5755	0.651	0.886130578
	2235	16.5465	0.72975	0.886338386
	2236	16.713	0.765	0.886545815
	2237	16.582	0.783	0.886752868
	2238	16.39725	0.8085	0.886959544
	2239	15.98025	0.8445	0.887165844
	2240	15.49125	0.8845	0.887371768
	2241	15.86725	0.90575	0.887577317
	2242	17.10575	0.9085	0.887782491
	2243	19.6925	0.863	0.887987291
	2244	20.98575	0.7505	0.888191717
	2245	22.92625	0.60925	0.888395769
	2246	23.31025	0.56225	0.888599449
	2247	21.89175	0.5955	0.888802756
	2248	22.08875	0.63175	0.889005692
	2249	22.73425	0.628	0.889208256
	2250	22.2265	0.63875	0.88941045
	2251	20.87075	0.70775	0.889612273
	2252	20.41225	0.741	0.889813726
	2253	20.16225	0.75975	0.89001481
	2254	19.6745	0.7705	0.890215524
	2255	19.29375	0.7955	0.890415871
	2256	18.90725	0.8145	0.890615849