Pcp_File_Version=4
*** BLOCK I: ATMOSPHERIC INFORMATION  **********************************
   MaxAL                    (MaxAL = number of atmospheric data-records)
   2256
 DailyVar  SinusVar  lLay  lBCCycles lInterc lDummy  lDummy  lDummy  lDummy  lDummy
       f       f       f       f       f       f       f       f       f       f
 hCritS                 (max. allowed pressure head at the soil surface)
      0
       tAtm        Prec       rSoil       rRoot      hCritA          rB          hB          ht    RootDepth
1 0 0 0 5206 0 0 0 6.29 
2 0 0 0 5206 0 0 0 6.30124 
3 0 0 0 5206 0 0 0 6.3125 
4 0 0 0 5206 0 0 0 6.32377 
5 0 0 0.000323292 5206 0 0 0 6.33505 
6 0 0 0.00016802 5206 0 0 0 6.34635 
7 0 0 0.000257414 5206 0 0 0 6.35766 
8 0 0 0.00099422 5206 0 0 0 6.36898 
9 0 0 0.00188395 5206 0 0 0 6.38031 
10 0 0 0.00247194 5206 0 0 0 6.39166 
11 0 0 0.00295497 5206 0 0 0 6.40303 
12 0 0 0.00343684 5206 0 0 0 6.4144 
13 0 0 0.00377277 5206 0 0 0 6.42579 
14 0 0 0.00379686 5206 0 0 0 6.43719 
15 0 0 0.00371457 5206 0 0 0 6.44861 
16 0 0 0.00329766 5206 0 0 0 6.46003 
17 0 0 0.00194466 5206 0 0 0 6.47148 
18 0 0 0.00131888 5206 0 0 0 6.48293 
19 0 0 0.000822564 5206 0 0 0 6.4944 
20 0 0 0.000606184 5206 0 0 0 6.50588 
21 0 0 0.000364429 5206 0 0 0 6.51737 
22 0 0 0.000209771 5206 0 0 0 6.52888 
23 0 0 0.000165624 5206 0 0 0 6.5404 
24 0 0 0.000135603 5206 0 0 0 6.55194 
25 0 0 0.000101798 5206 0 0 0 6.56348 
26.0006 2.41087 0 6.44e-005 5206 0 0 0 6.57504 
27 0 0 0 5206 0 0 0 6.58661 
28 0 0 7.89e-005 5206 0 0 0 6.5982 
29 0 0 0.000213208 5206 0 0 0 6.6098 
30 0 0 0.000220619 5206 0 0 0 6.62141 
31 0 0 0.000185616 5206 0 0 0 6.63304 
32 0 0 0.000277432 5206 0 0 0 6.64467 
33 0 0 0.000499295 5206 0 0 0 6.65633 
34 0 0 0.000969871 5206 0 0 0 6.66799 
35 0 0 0.00113182 5206 0 0 0 6.67967 
36 0 0 0.0013397 5206 0 0 0 6.69136 
37 0 0 0.00166183 5206 0 0 0 6.70306 
38 0 0 0.00230187 5206 0 0 0 6.71478 
39 0 0 0.00307933 5206 0 0 0 6.72651 
40 0 0 0.002725 5206 0 0 0 6.73825 
41 0 0 0.00247183 5206 0 0 0 6.75 
42 0 0 0.00191838 5206 0 0 0 6.76177 
43 0 0 0.00099321 5206 0 0 0 6.77355 
44 0 0 0.000395581 5206 0 0 0 6.78534 
45 0 0 0 5206 0 0 0 6.79715 
46 0 0 0 5206 0 0 0 6.80897 
47 0 0 0 5206 0 0 0 6.8208 
48 0 0 0 5206 0 0 0 6.83265 
49 0 0 0 5206 0 0 0 6.8445 
50 0 0 0 5206 0 0 0 6.85638 
51 0 0 0 5206 0 0 0 6.86826 
52 0 0 0 5206 0 0 0 6.88016 
53 0 0 0.000143498 5206 0 0 0 6.89206 
54 0 0 0.000142684 5206 0 0 0 6.90399 
55 0 0 0.000210057 5206 0 0 0 6.91592 
56 0 0 0.000432033 5206 0 0 0 6.92787 
57 0 0 0.000835387 5206 0 0 0 6.93983 
58 0 0 0.00125722 5206 0 0 0 6.9518 
59 0 0 0.00146155 5206 0 0 0 6.96379 
60 0 0 0.00161071 5206 0 0 0 6.97578 
61 0 0 0.00160726 5206 0 0 0 6.98779 
62 0 0 0.00165752 5206 0 0 0 6.99982 
63 0 0 0.0013965 5206 0 0 0 7.01185 
64 0 0 0.00113486 5206 0 0 0 7.0239 
65 0 0 0.0014868 5206 0 0 0 7.03596 
66 0 0 0.00132343 5206 0 0 0 7.04804 
67 0 0 0.000999293 5206 0 0 0 7.06012 
68 0 0 0.000386465 5206 0 0 0 7.07222 
69 0 0 0.000165984 5206 0 0 0 7.08433 
70 0 0 0.000279268 5206 0 0 0 7.09646 
71 0 0 7.6e-005 5206 0 0 0 7.10859 
72 0 0 0.000359707 5206 0 0 0 7.12074 
73 0 0 0.000591991 5206 0 0 0 7.13291 
74 0 0 0.000525128 5206 0 0 0 7.14508 
75 0 0 0.000384633 5206 0 0 0 7.15727 
76 0 0 0.000192359 5206 0 0 0 7.16946 
77 0 0 0.000218125 5206 0 0 0 7.18168 
78 0 0 0.000314768 5206 0 0 0 7.1939 
79 0 0 0.00096073 5206 0 0 0 7.20614 
80 0 0 0.00123862 5206 0 0 0 7.21838 
81 0 0 0.00196541 5206 0 0 0 7.23064 
82 0 0 0.00248129 5206 0 0 0 7.24292 
83 0 0 0.00290842 5206 0 0 0 7.2552 
84 0 0 0.00325209 5206 0 0 0 7.2675 
85 0 0 0.00363687 5206 0 0 0 7.27981 
86 0 0 0.00394695 5206 0 0 0 7.29213 
87 0 0 0.00370187 5206 0 0 0 7.30447 
88 0 0 0.00331046 5206 0 0 0 7.31681 
89 0 0 0.0030269 5206 0 0 0 7.32917 
90 0 0 0.00257733 5206 0 0 0 7.34155 
91 0 0 0.00185031 5206 0 0 0 7.35393 
92 0 0 0.00134212 5206 0 0 0 7.36632 
93 0 0 0.000283413 5206 0 0 0 7.37873 
94 0 0 0 5206 0 0 0 7.39115 
95 0 0 0 5206 0 0 0 7.40358 
96 0 0 0 5206 0 0 0 7.41603 
97 0 0 0 5206 0 0 0 7.42848 
98 0 0 0 5206 0 0 0 7.44095 
99 0 0 0 5206 0 0 0 7.45343 
100 0 0 0 5206 0 0 0 7.46593 
101 0 0 0.000136186 5206 0 0 0 7.47843 
102 0 0 0.00013006 5206 0 0 0 7.49095 
103 0 0 0.000254074 5206 0 0 0 7.50348 
104 0 0 0.000862898 5206 0 0 0 7.51602 
105 0 0 0.0017865 5206 0 0 0 7.52857 
106 0 0 0.00265835 5206 0 0 0 7.54113 
107 0 0 0.00351167 5206 0 0 0 7.55371 
108 0 0 0.00440605 5206 0 0 0 7.5663 
109 0 0 0.00489834 5206 0 0 0 7.5789 
110 0 0 0.0051847 5206 0 0 0 7.59151 
111 0 0 0.00501311 5206 0 0 0 7.60413 
112 0 0 0.00445521 5206 0 0 0 7.61677 
113 0 0 0.0033411 5206 0 0 0 7.62941 
114 0 0 0.00229991 5206 0 0 0 7.64207 
115 0 0 0.0014877 5206 0 0 0 7.65474 
116 0 0 0.000809827 5206 0 0 0 7.66743 
117 0 0 0 5206 0 0 0 7.68012 
118 0 0 0 5206 0 0 0 7.69283 
119 0 0 0 5206 0 0 0 7.70554 
120 0 0 0 5206 0 0 0 7.71827 
121 0 0 0 5206 0 0 0 7.73101 
121.5 2.41087 0 0 5206 0 0 0 7.74377 
123 0 0 0 5206 0 0 0 7.75653 
124 0 0 0 5206 0 0 0 7.7693 
125 0 0 0.00041857 5206 0 0 0 7.78209 
126 0 0 0.000361327 5206 0 0 0 7.79489 
127 0 0 0.000325118 5206 0 0 0 7.8077 
128 0 0 0.0010005 5206 0 0 0 7.82052 
129 0 0 0.00195271 5206 0 0 0 7.83336 
130 0 0 0.00301378 5206 0 0 0 7.8462 
131 0 0 0.00424145 5206 0 0 0 7.85906 
132 0 0 0.00490498 5206 0 0 0 7.87192 
133 0 0 0.00531887 5206 0 0 0 7.8848 
134 0 0 0.00532321 5206 0 0 0 7.89769 
135 0 0 0.00497701 5206 0 0 0 7.91059 
136 0 0 0.00451338 5206 0 0 0 7.92351 
137 0 0 0.00335358 5206 0 0 0 7.93643 
138 0 0 0.00195623 5206 0 0 0 7.94936 
139 0 0 0.00059455 5206 0 0 0 7.96231 
140 0 0 0 5206 0 0 0 7.97527 
141 0 0 0 5206 0 0 0 7.98824 
142 0 0 0 5206 0 0 0 8.00122 
143 0 0 0 5206 0 0 0 8.01421 
144 0 0 0 5206 0 0 0 8.02721 
145 0 0 0 5206 0 0 0 8.04023 
146 0 0 0 5206 0 0 0 8.05325 
147 0 0 0 5206 0 0 0 8.06629 
148 0 0 0 5206 0 0 0 8.07933 
149 0 0 0.000224587 5206 0 0 0 8.09239 
150 0 0 0.000205957 5206 0 0 0 8.10546 
151 0 0 0.000332004 5206 0 0 0 8.11854 
152 0 0 0.000714803 5206 0 0 0 8.13163 
153 0 0 0.00121916 5206 0 0 0 8.14473 
154 0 0 0.00194457 5206 0 0 0 8.15784 
155 0 0 0.00331731 5206 0 0 0 8.17097 
156 0 0 0.00419232 5206 0 0 0 8.1841 
157 0 0 0.00437188 5206 0 0 0 8.19724 
158 0 0 0.00471507 5206 0 0 0 8.2104 
159 0 0 0.00397006 5206 0 0 0 8.22357 
160 0 0 0.00360362 5206 0 0 0 8.23674 
161 0 0 0.00387839 5206 0 0 0 8.24993 
162 0 0 0.00187491 5206 0 0 0 8.26313 
163 0 0 0.00112156 5206 0 0 0 8.27634 
164 0 0 8.67e-005 5206 0 0 0 8.28956 
165 0 0 0 5206 0 0 0 8.30279 
166 0 0 0 5206 0 0 0 8.31603 
167 0 0 0 5206 0 0 0 8.32928 
168 0 0 0 5206 0 0 0 8.34255 
169 0 0 0 5206 0 0 0 8.35582 
170 0 0 0 5206 0 0 0 8.3691 
171 0 0 0 5206 0 0 0 8.3824 
172 0 0 0 5206 0 0 0 8.3957 
173 0 0 0.000415611 5206 0 0 0 8.40902 
174 0 0 0.000297841 5206 0 0 0 8.42234 
175 0 0 0.000432482 5206 0 0 0 8.43568 
176 0 0 0.00129832 5206 0 0 0 8.44902 
177 0 0 0.00191192 5206 0 0 0 8.46238 
178 0 0 0.00299265 5206 0 0 0 8.47575 
179 0 0 0.00412275 5206 0 0 0 8.48912 
180 0 0 0.00486217 5206 0 0 0 8.50251 
181 0 0 0.00638347 5206 0 0 0 8.51591 
182 0 0 0.00503718 5206 0 0 0 8.52931 
183 0 0 0.0048746 5206 0 0 0 8.54273 
184 0 0 0.00525664 5206 0 0 0 8.55616 
185 0 0 0.0031473 5206 0 0 0 8.5696 
186 0 0 0.00199079 5206 0 0 0 8.58305 
187 0 0 0.00131607 5206 0 0 0 8.59651 
188 0 0 0.000539019 5206 0 0 0 8.60997 
189 0 0 0 5206 0 0 0 8.62345 
190 0 0 6.13e-005 5206 0 0 0 8.63694 
191 0 0 4.77e-005 5206 0 0 0 8.65044 
192 0 0 0 5206 0 0 0 8.66395 
193 0 0 0 5206 0 0 0 8.67746 
194 0 0 1.45e-005 5206 0 0 0 8.69099 
195 0 0 0 5206 0 0 0 8.70453 
196 0 0 0 5206 0 0 0 8.71808 
197 0 0 0.000320605 5206 0 0 0 8.73163 
198 0 0 0.000255405 5206 0 0 0 8.7452 
199 0 0 0.000369287 5206 0 0 0 8.75878 
200 0 0 0.00128883 5206 0 0 0 8.77236 
200.5 2.41087 0 0.00247388 5206 0 0 0 8.78596 
202 0 0 0.00362873 5206 0 0 0 8.79957 
203 0 0 0.00463618 5206 0 0 0 8.81318 
204 0 0 0.00575187 5206 0 0 0 8.82681 
205 0 0 0.00634489 5206 0 0 0 8.84044 
206 0 0 0.00661642 5206 0 0 0 8.85408 
207 0 0 0.00654093 5206 0 0 0 8.86774 
208 0 0 0.00560628 5206 0 0 0 8.8814 
209 0 0 0.00471452 5206 0 0 0 8.89507 
210 0 0 0.00368131 5206 0 0 0 8.90876 
211 0 0 0.0022917 5206 0 0 0 8.92245 
212 0 0 0.0015618 5206 0 0 0 8.93615 
213 0 0 0.00129454 5206 0 0 0 8.94986 
214 0 0 0.000872137 5206 0 0 0 8.96358 
215 0 0 0 5206 0 0 0 8.97731 
216 0 0 0 5206 0 0 0 8.99104 
217 0 0 0 5206 0 0 0 9.00479 
218 0 0 0 5206 0 0 0 9.01855 
219 0 0 0 5206 0 0 0 9.03231 
220 0 0 0 5206 0 0 0 9.04609 
221 0 0 0.000678432 5206 0 0 0 9.05987 
222 0 0 0.000662928 5206 0 0 0 9.07366 
223 0 0 0.000756555 5206 0 0 0 9.08746 
224 0 0 0.00138427 5206 0 0 0 9.10128 
225 0 0 0.00132848 5206 0 0 0 9.1151 
226 0 0 0.00121558 5206 0 0 0 9.12892 
227 0 0 0.00152239 5206 0 0 0 9.14276 
228 0 0 0.00202195 5206 0 0 0 9.15661 
229 0 0 0.00321567 5206 0 0 0 9.17046 
230 0 0 0.00285529 5206 0 0 0 9.18433 
231 0 0 0.0025105 5206 0 0 0 9.1982 
232 0 0 0.00130738 5206 0 0 0 9.21208 
233 0 0 0.000820941 5206 0 0 0 9.22597 
234 0 0 0.000270601 5206 0 0 0 9.23987 
235 0 0 0 5206 0 0 0 9.25378 
236 0 0 0 5206 0 0 0 9.26769 
237 0 0 0 5206 0 0 0 9.28162 
238 0 0 0 5206 0 0 0 9.29555 
239 0 0 0 5206 0 0 0 9.30949 
240 0 0 0 5206 0 0 0 9.32344 
241 0 0 0 5206 0 0 0 9.3374 
242 0 0 0 5206 0 0 0 9.35137 
243 0 0 0 5206 0 0 0 9.36535 
244 0 0 0 5206 0 0 0 9.37933 
245 0 0 0.00019556 5206 0 0 0 9.39332 
246 0 0 0.000198654 5206 0 0 0 9.40732 
247 0 0 0.000228657 5206 0 0 0 9.42133 
248 0 0 0.000364658 5206 0 0 0 9.43535 
249 0 0 0.000692263 5206 0 0 0 9.44937 
250 0 0 0.000875841 5206 0 0 0 9.46341 
251 0 0 0.000818702 5206 0 0 0 9.47745 
252 0 0 0.00119062 5206 0 0 0 9.4915 
253 0 0 0.000984338 5206 0 0 0 9.50556 
254 0 0 0.000722935 5206 0 0 0 9.51962 
255 0 0 0.000692038 5206 0 0 0 9.5337 
256 0 0 0.00112123 5206 0 0 0 9.54778 
257 0 0 0.000816125 5206 0 0 0 9.56187 
258 0 0 6.09e-005 5206 0 0 0 9.57596 
259 0 0 0 5206 0 0 0 9.59007 
260 0 0 0 5206 0 0 0 9.60418 
261 0 0 0 5206 0 0 0 9.61831 
262 0 0 0 5206 0 0 0 9.63243 
263 0 0 0 5206 0 0 0 9.64657 
264 0 0 0 5206 0 0 0 9.66072 
265 0 0 0 5206 0 0 0 9.67487 
266 0 0 0 5206 0 0 0 9.68903 
267 0 0 0 5206 0 0 0 9.70319 
268 0 0 0 5206 0 0 0 9.71737 
269 0 0 0.00019398 5206 0 0 0 9.73155 
270 0 0 0.000198362 5206 0 0 0 9.74574 
271 0 0 0.00023215 5206 0 0 0 9.75994 
272 0 0 0.000355487 5206 0 0 0 9.77414 
273 0 0 0.000484054 5206 0 0 0 9.78836 
274 0 0 0.000860739 5206 0 0 0 9.80258 
275 0 0 0.00105854 5206 0 0 0 9.8168 
276 0 0 0.00137505 5206 0 0 0 9.83104 
277 0 0 0.0013198 5206 0 0 0 9.84528 
278 0 0 0.00104363 5206 0 0 0 9.85953 
279 0 0 0.00079072 5206 0 0 0 9.87378 
280 0 0 0.000607333 5206 0 0 0 9.88805 
281 0 0 0.000435292 5206 0 0 0 9.90232 
282 0 0 0.000138908 5206 0 0 0 9.91659 
283 0 0 0 5206 0 0 0 9.93088 
284 0 0 0 5206 0 0 0 9.94517 
285 0 0 0 5206 0 0 0 9.95947 
286 0 0 0 5206 0 0 0 9.97377 
287 0 0 0 5206 0 0 0 9.98808 
288 0 0 0 5206 0 0 0 10.0024 
289 0 0 0 5206 0 0 0 10.0167 
290 0 0 0 5206 0 0 0 10.0311 
291 0 0 0 5206 0 0 0 10.0454 
292 0 0 0 5206 0 0 0 10.0597 
293 0 0 0.000181097 5206 0 0 0 10.0741 
294 0 0 0.000183656 5206 0 0 0 10.0885 
295 0 0 0.000425705 5206 0 0 0 10.1028 
296 0 0 0.00132837 5206 0 0 0 10.1172 
297 0 0 0.00249984 5206 0 0 0 10.1316 
298 0 0 0.00379254 5206 0 0 0 10.146 
299 0 0 0.00482637 5206 0 0 0 10.1604 
300 0 0 0.00571053 5206 0 0 0 10.1748 
301 0 0 0.00625105 5206 0 0 0 10.1892 
302 0 0 0.00655576 5206 0 0 0 10.2036 
303 0 0 0.00627542 5206 0 0 0 10.218 
304 0 0 0.00506549 5206 0 0 0 10.2324 
305 0 0 0.00434347 5206 0 0 0 10.2468 
306 0 0 0.00319661 5206 0 0 0 10.2613 
307 0 0 0.000834479 5206 0 0 0 10.2757 
308 0 0 0.000901374 5206 0 0 0 10.2902 
309 0 0 0.000256199 5206 0 0 0 10.3046 
310 0 0 0 5206 0 0 0 10.3191 
311 0 0 0 5206 0 0 0 10.3336 
312 0 0 0 5206 0 0 0 10.348 
313 0 0 0 5206 0 0 0 10.3625 
314 0 0 0 5206 0 0 0 10.377 
315 0 0 0 5206 0 0 0 10.3915 
316 0 0 0 5206 0 0 0 10.406 
317 0 0 0.000231602 5206 0 0 0 10.4205 
318 0 0 0.000230543 5206 0 0 0 10.435 
319 0 0 0.000452443 5206 0 0 0 10.4495 
320 0 0 0.0014361 5206 0 0 0 10.464 
321 0 0 0.0027902 5206 0 0 0 10.4785 
322 0 0 0.00394591 5206 0 0 0 10.4931 
323 0 0 0.00505693 5206 0 0 0 10.5076 
324 0 0 0.00581782 5206 0 0 0 10.5222 
325 0 0 0.00582814 5206 0 0 0 10.5367 
326 0 0 0.00541187 5206 0 0 0 10.5513 
327 0 0 0.00338879 5206 0 0 0 10.5658 
328 0 0 0.00236079 5206 0 0 0 10.5804 
329 0 0 0.00156182 5206 0 0 0 10.5949 
330 0 0 0.00102835 5206 0 0 0 10.6095 
331 0 0 0.000550399 5206 0 0 0 10.6241 
332 0 0 0.00053599 5206 0 0 0 10.6387 
333 0 0 1.18e-005 5206 0 0 0 10.6533 
334 0 0 0.000101507 5206 0 0 0 10.6679 
335 0 0 0 5206 0 0 0 10.6825 
336 0 0 0 5206 0 0 0 10.6971 
337 0 0 0 5206 0 0 0 10.7117 
338 0 0 0 5206 0 0 0 10.7263 
339 0 0 0 5206 0 0 0 10.7409 
340 0 0 0 5206 0 0 0 10.7555 
341 0 0 0.000309123 5206 0 0 0 10.7702 
342 0 0 0.000363982 5206 0 0 0 10.7848 
343 0 0 0.000304389 5206 0 0 0 10.7994 
344 0 0 0.000507713 5206 0 0 0 10.8141 
345 0 0 0.000928502 5206 0 0 0 10.8287 
346 0 0 0.00157473 5206 0 0 0 10.8434 
347 0 0 0.00264566 5206 0 0 0 10.858 
348 0 0 0.004178 5206 0 0 0 10.8727 
349 0 0 0.00594484 5206 0 0 0 10.8874 
350 0 0 0.00585369 5206 0 0 0 10.9021 
351 0 0 0.00640764 5206 0 0 0 10.9167 
352 0 0 0.00563018 5206 0 0 0 10.9314 
353 0 0 0.00426528 5206 0 0 0 10.9461 
354 0 0 0.00391701 5206 0 0 0 10.9608 
355 0 0 0.00155798 5206 0 0 0 10.9755 
356 0 0 0.000782975 5206 0 0 0 10.9902 
357 0 0 0 5206 0 0 0 11.0049 
358 0 0 0 5206 0 0 0 11.0196 
359 0 0 0 5206 0 0 0 11.0343 
360 0 0 0 5206 0 0 0 11.049 
361 0 0 0 5206 0 0 0 11.0637 
362 0 0 0 5206 0 0 0 11.0785 
363 0 0 0 5206 0 0 0 11.0932 
364 0 0 0 5206 0 0 0 11.1079 
365 0 0 0.000268357 5206 0 0 0 11.1226 
366 0 0 0.000268042 5206 0 0 0 11.1374 
367 0 0 0.000563124 5206 0 0 0 11.1521 
368 0 0 0.00184689 5206 0 0 0 11.1669 
369 0 0 0.00286109 5206 0 0 0 11.1816 
370 0 0 0.00463242 5206 0 0 0 11.1964 
371 0 0 0.00686848 5206 0 0 0 11.2111 
372 0 0 0.00705433 5206 0 0 0 11.2259 
373 0 0 0.00769426 5206 0 0 0 11.2407 
374 0 0 0.00697401 5206 0 0 0 11.2554 
375 0 0 0.00692254 5206 0 0 0 11.2702 
376 0 0 0.00621168 5206 0 0 0 11.285 
377 0 0 0.00550325 5206 0 0 0 11.2998 
378 0 0 0.00285038 5206 0 0 0 11.3145 
379 0 0 0.00176725 5206 0 0 0 11.3293 
380 0 0 0.00106875 5206 0 0 0 11.3441 
381 0 0 9.19e-005 5206 0 0 0 11.3589 
382 0 0 0 5206 0 0 0 11.3737 
383 0 0 0 5206 0 0 0 11.3885 
384 0 0 0 5206 0 0 0 11.4033 
385 0 0 0 5206 0 0 0 11.4181 
386 0 0 0 5206 0 0 0 11.4329 
387 0 0 0 5206 0 0 0 11.4477 
388 0 0 0 5206 0 0 0 11.4625 
389 0 0 0.000306196 5206 0 0 0 11.4774 
390 0 0 0.000297378 5206 0 0 0 11.4922 
391 0 0 0.000515109 5206 0 0 0 11.507 
392 0 0 0.00151998 5206 0 0 0 11.5218 
393 0 0 0.00336075 5206 0 0 0 11.5366 
394 0 0 0.00484842 5206 0 0 0 11.5515 
395 0 0 0.00635593 5206 0 0 0 11.5663 
396 0 0 0.00729558 5206 0 0 0 11.5811 
397 0 0 0.00788908 5206 0 0 0 11.596 
398 0 0 0.0086666 5206 0 0 0 11.6108 
399 0 0 0.00851699 5206 0 0 0 11.6257 
400 0 0 0.00626832 5206 0 0 0 11.6405 
401 0 0 0.00353973 5206 0 0 0 11.6554 
402 0 0 0.00279504 5206 0 0 0 11.6702 
403 0 0 0.00143733 5206 0 0 0 11.6851 
404 0 0 0.000716058 5206 0 0 0 11.6999 
405 0 0 0 5206 0 0 0 11.7148 
405.482 2.41087 0 0 5206 0 0 0 11.7296 
407 0 0 0.000102413 5206 0 0 0 11.7445 
408 0 0 6.31e-005 5206 0 0 0 11.7594 
409 0 0 0 5206 0 0 0 11.7742 
410 0 0 0 5206 0 0 0 11.7891 
411 0 0 0 5206 0 0 0 11.804 
412 0 0 0 5206 0 0 0 11.8188 
413 0 0 0.000386352 5206 0 0 0 11.8337 
414 0 0 0.000315516 5206 0 0 0 11.8486 
415 0 0 0.000626139 5206 0 0 0 11.8635 
416 0 0 0.00191257 5206 0 0 0 11.8784 
417 0 0 0.00365853 5206 0 0 0 11.8932 
418 0 0 0.0039906 5206 0 0 0 11.9081 
419 0 0 0.00473507 5206 0 0 0 11.923 
420 0 0 0.00491904 5206 0 0 0 11.9379 
421 0 0 0.00693145 5206 0 0 0 11.9528 
422 0 0 0.00726525 5206 0 0 0 11.9677 
423 0 0 0.00850246 5206 0 0 0 11.9826 
424 0 0 0.00726708 5206 0 0 0 11.9975 
425 0 0 0.00574183 5206 0 0 0 12.0124 
426 0 0 0.00503681 5206 0 0 0 12.0273 
427 0 0 0.0012538 5206 0 0 0 12.0421 
428 0 0 0.000776882 5206 0 0 0 12.057 
429 0 0 0 5206 0 0 0 12.0719 
430 0 0 0 5206 0 0 0 12.0868 
431 0 0 0 5206 0 0 0 12.1017 
432 0 0 0 5206 0 0 0 12.1167 
433 0 0 0 5206 0 0 0 12.1316 
434 0 0 0 5206 0 0 0 12.1465 
435 0 0 0 5206 0 0 0 12.1614 
436 0 0 0 5206 0 0 0 12.1763 
437 0 0 0.000412396 5206 0 0 0 12.1912 
438 0 0 0.000542519 5206 0 0 0 12.2061 
439 0 0 0.000892799 5206 0 0 0 12.221 
440 0 0 0.00252059 5206 0 0 0 12.2359 
441 0 0 0.00447884 5206 0 0 0 12.2508 
442 0 0 0.00632047 5206 0 0 0 12.2657 
443 0 0 0.00823876 5206 0 0 0 12.2807 
444 0 0 0.00978127 5206 0 0 0 12.2956 
445 0 0 0.0106538 5206 0 0 0 12.3105 
446 0 0 0.0112046 5206 0 0 0 12.3254 
447 0 0 0.0092371 5206 0 0 0 12.3403 
448 0 0 0.00855365 5206 0 0 0 12.3552 
449 0 0 0.00625004 5206 0 0 0 12.3701 
450 0 0 0.00372428 5206 0 0 0 12.3851 
451 0 0 0.00142731 5206 0 0 0 12.4 
452 0 0 0 5206 0 0 0 12.4149 
453 0 0 0 5206 0 0 0 12.4298 
454 0 0 0 5206 0 0 0 12.4447 
455 0 0 6.47e-005 5206 0 0 0 12.4596 
456 0 0 0 5206 0 0 0 12.4746 
457 0 0 0.000185414 5206 0 0 0 12.4895 
458 0 0 6.24e-005 5206 0 0 0 12.5044 
459 0 0 0 5206 0 0 0 12.5193 
460 0 0 0 5206 0 0 0 12.5342 
461 0 0 0.000893272 5206 0 0 0 12.5492 
462 0 0 0.000462538 5206 0 0 0 12.5641 
463 0 0 0.00076526 5206 0 0 0 12.579 
464 0 0 0.0023183 5206 0 0 0 12.5939 
465 0 0 0.00435829 5206 0 0 0 12.6088 
466 0 0 0.00650388 5206 0 0 0 12.6237 
467 0 0 0.00841537 5206 0 0 0 12.6387 
468 0 0 0.0102968 5206 0 0 0 12.6536 
469 0 0 0.011293 5206 0 0 0 12.6685 
470 0 0 0.0115834 5206 0 0 0 12.6834 
471 0 0 0.00835012 5206 0 0 0 12.6983 
472 0 0 0.00705917 5206 0 0 0 12.7132 
473 0 0 0.00353954 5206 0 0 0 12.7281 
474 0 0 0.00312395 5206 0 0 0 12.7431 
475 0 0 0.000893268 5206 0 0 0 12.758 
476 0 0 0.000441425 5206 0 0 0 12.7729 
477 0 0 0.000648223 5206 0 0 0 12.7878 
477.5 2.41087 0 0 5206 0 0 0 12.8027 
479 0 0 0.000972819 5206 0 0 0 12.8176 
480 0 0 0.00237247 5206 0 0 0 12.8325 
481 0 0 0.00180434 5206 0 0 0 12.8474 
482 0 0 0.00148254 5206 0 0 0 12.8623 
483 0 0 0.00161502 5206 0 0 0 12.8772 
484 0 0 0.00076788 5206 0 0 0 12.8921 
485 0 0 0.00194537 5206 0 0 0 12.907 
486 0 0 0.00107314 5206 0 0 0 12.9219 
487 0 0 0.000982803 5206 0 0 0 12.9368 
488 0 0 0.00136326 5206 0 0 0 12.9517 
489 0 0 0.00256108 5206 0 0 0 12.9666 
490 0 0 0.00291745 5206 0 0 0 12.9815 
491 0 0 0.00353394 5206 0 0 0 12.9964 
492 0 0 0.00472849 5206 0 0 0 13.0113 
493 0 0 0.00784076 5206 0 0 0 13.0262 
494 0 0 0.0098367 5206 0 0 0 13.0411 
495 0 0 0.00751562 5206 0 0 0 13.056 
496 0 0 0.00938812 5206 0 0 0 13.0709 
497 0 0 0.00761069 5206 0 0 0 13.0858 
498 0 0 0.00391196 5206 0 0 0 13.1007 
499 0 0 0.00187279 5206 0 0 0 13.1155 
500 0 0 0.00100748 5206 0 0 0 13.1304 
501 0 0 0 5206 0 0 0 13.1453 
502 0 0 0 5206 0 0 0 13.1602 
503 0 0 0 5206 0 0 0 13.175 
504 0 0 0 5206 0 0 0 13.1899 
505 0 0 0 5206 0 0 0 13.2048 
506 0 0 3.01e-005 5206 0 0 0 13.2197 
507 0 0 0 5206 0 0 0 13.2345 
508 0 0 0 5206 0 0 0 13.2494 
509 0 0 0.000454942 5206 0 0 0 13.2643 
510 0 0 0.000446582 5206 0 0 0 13.2791 
511 0 0 0.000532106 5206 0 0 0 13.294 
512 0 0 0.000892348 5206 0 0 0 13.3088 
513 0 0 0.00159996 5206 0 0 0 13.3237 
514 0 0 0.00217534 5206 0 0 0 13.3385 
515 0 0 0.00400478 5206 0 0 0 13.3534 
516 0 0 0.0037354 5206 0 0 0 13.3682 
517 0 0 0.00284339 5206 0 0 0 13.3831 
518 0 0 0.00426173 5206 0 0 0 13.3979 
519 0 0 0.0053726 5206 0 0 0 13.4128 
520 0 0 0.00438274 5206 0 0 0 13.4276 
521 0 0 0.00222506 5206 0 0 0 13.4424 
522 0 0 0.00036707 5206 0 0 0 13.4573 
523 0 0 0 5206 0 0 0 13.4721 
524 0 0 0 5206 0 0 0 13.4869 
525 0 0 0 5206 0 0 0 13.5017 
526 0 0 0 5206 0 0 0 13.5166 
527 0 0 0 5206 0 0 0 13.5314 
528 0 0 0 5206 0 0 0 13.5462 
529 0 0 0.000490346 5206 0 0 0 13.561 
530 0 0 0.000331861 5206 0 0 0 13.5758 
531 0 0 0.000539974 5206 0 0 0 13.5906 
532 0 0 0.000389064 5206 0 0 0 13.6054 
533 0 0 0.000998273 5206 0 0 0 13.6202 
534 0 0 0.000632224 5206 0 0 0 13.635 
535 0 0 0.000622443 5206 0 0 0 13.6498 
536 0 0 0.0010296 5206 0 0 0 13.6646 
537 0 0 0.00226742 5206 0 0 0 13.6794 
538 0 0 0.00536221 5206 0 0 0 13.6942 
539 0 0 0.00872147 5206 0 0 0 13.709 
540 0 0 0.0105216 5206 0 0 0 13.7237 
541 0 0 0.0116541 5206 0 0 0 13.7385 
542 0 0 0.0123684 5206 0 0 0 13.7533 
543 0 0 0.0126884 5206 0 0 0 13.768 
544 0 0 0.00453756 5206 0 0 0 13.7828 
545 0 0 0.00336558 5206 0 0 0 13.7976 
546 0 0 0.00159133 5206 0 0 0 13.8123 
547 0 0 0.00203666 5206 0 0 0 13.8271 
548 0 0 0.000485891 5206 0 0 0 13.8418 
548.287 2.41087 0 0.000486789 5206 0 0 0 13.8566 
550 0 0 0 5206 0 0 0 13.8713 
551 0 0 0.000569044 5206 0 0 0 13.886 
552 0 0 0 5206 0 0 0 13.9008 
553 0 0 0 5206 0 0 0 13.9155 
554 0 0 0.0014041 5206 0 0 0 13.9302 
555 0 0 0 5206 0 0 0 13.945 
556 0 0 0.00025286 5206 0 0 0 13.9597 
557 0 0 0.00195287 5206 0 0 0 13.9744 
558 0 0 0.000828612 5206 0 0 0 13.9891 
559 0 0 0.00146822 5206 0 0 0 14.0038 
560 0 0 0.00307238 5206 0 0 0 14.0185 
561 0 0 0.00548593 5206 0 0 0 14.0332 
562 0 0 0.00801108 5206 0 0 0 14.0479 
563 0 0 0.0106959 5206 0 0 0 14.0626 
564 0 0 0.0112005 5206 0 0 0 14.0773 
565 0 0 0.013552 5206 0 0 0 14.0919 
566 0 0 0.0141081 5206 0 0 0 14.1066 
567 0 0 0.0109674 5206 0 0 0 14.1213 
568 0 0 0.0131633 5206 0 0 0 14.1359 
569 0 0 0.0111445 5206 0 0 0 14.1506 
570 0 0 0.00930415 5206 0 0 0 14.1653 
571 0 0 0.00630887 5206 0 0 0 14.1799 
572 0 0 0.00328808 5206 0 0 0 14.1945 
573 0 0 0 5206 0 0 0 14.2092 
574 0 0 0 5206 0 0 0 14.2238 
575 0 0 0.000320635 5206 0 0 0 14.2385 
576 0 0 0.00126888 5206 0 0 0 14.2531 
577 0 0 0.000282828 5206 0 0 0 14.2677 
578 0 0 0 5206 0 0 0 14.2823 
579 0 0 0 5206 0 0 0 14.2969 
580 0 0 0 5206 0 0 0 14.3115 
581 0 0 0.000938857 5206 0 0 0 14.3261 
582 0 0 0.00104705 5206 0 0 0 14.3407 
583 0 0 0.0014703 5206 0 0 0 14.3553 
584 0 0 0.00308166 5206 0 0 0 14.3699 
584.594 2.41087 0 0.00559982 5206 0 0 0 14.3845 
586 0 0 0.00920299 5206 0 0 0 14.3991 
587 0 0 0.0122271 5206 0 0 0 14.4137 
588 0 0 0.0124797 5206 0 0 0 14.4282 
589 0 0 0.0132171 5206 0 0 0 14.4428 
590 0 0 0.0104228 5206 0 0 0 14.4573 
591 0 0 0.0155269 5206 0 0 0 14.4719 
592 0 0 0.011251 5206 0 0 0 14.4864 
593 0 0 0.0086922 5206 0 0 0 14.501 
594 0 0 0.00506904 5206 0 0 0 14.5155 
595 0 0 0.00267135 5206 0 0 0 14.53 
596 0 0 0.00277351 5206 0 0 0 14.5445 
597 0 0 0.00134874 5206 0 0 0 14.5591 
598 0 0 0 5206 0 0 0 14.5736 
599 0 0 0 5206 0 0 0 14.5881 
600 0 0 0 5206 0 0 0 14.6026 
601 0 0 0 5206 0 0 0 14.6171 
602 0 0 0 5206 0 0 0 14.6316 
603 0 0 0 5206 0 0 0 14.646 
604 0 0 0 5206 0 0 0 14.6605 
605 0 0 0.000733725 5206 0 0 0 14.675 
606 0 0 0.000748294 5206 0 0 0 14.6894 
607 0 0 0.0011273 5206 0 0 0 14.7039 
608 0 0 0.00318577 5206 0 0 0 14.7184 
609 0 0 0.00556601 5206 0 0 0 14.7328 
610 0 0 0.00840683 5206 0 0 0 14.7472 
611 0 0 0.010875 5206 0 0 0 14.7617 
612 0 0 0.0128428 5206 0 0 0 14.7761 
613 0 0 0.014386 5206 0 0 0 14.7905 
614 0 0 0.0151241 5206 0 0 0 14.8049 
615 0 0 0.0143335 5206 0 0 0 14.8193 
616 0 0 0.0116729 5206 0 0 0 14.8337 
617 0 0 0.00910779 5206 0 0 0 14.8481 
618 0 0 0.00706129 5206 0 0 0 14.8625 
619 0 0 0.00321209 5206 0 0 0 14.8769 
620 0 0 0.000282964 5206 0 0 0 14.8913 
621 0 0 0 5206 0 0 0 14.9056 
621.276 2.41087 0 0 5206 0 0 0 14.92 
623 0 0 0 5206 0 0 0 14.9344 
624 0 0 0 5206 0 0 0 14.9487 
625 0 0 0 5206 0 0 0 14.9631 
626 0 0 0 5206 0 0 0 14.9774 
627 0 0 0 5206 0 0 0 14.9917 
628 0 0 0 5206 0 0 0 15.006 
629 0 0 0.0007986 5206 0 0 0 15.0204 
630 0 0 0.00129042 5206 0 0 0 15.0347 
631 0 0 0.00286574 5206 0 0 0 15.049 
632 0 0 0.00362134 5206 0 0 0 15.0633 
633 0 0 0.00562659 5206 0 0 0 15.0775 
634 0 0 0.0100199 5206 0 0 0 15.0918 
635 0 0 0.0119105 5206 0 0 0 15.1061 
636 0 0 0.0132808 5206 0 0 0 15.1204 
637 0 0 0.0146428 5206 0 0 0 15.1346 
638 0 0 0.00922119 5206 0 0 0 15.1489 
639 0 0 0.0041588 5206 0 0 0 15.1631 
640 0 0 0.00347718 5206 0 0 0 15.1774 
641 0 0 0.004266 5206 0 0 0 15.1916 
642 0 0 0.00216659 5206 0 0 0 15.2058 
643 0 0 0.00209427 5206 0 0 0 15.22 
644 0 0 0.000400361 5206 0 0 0 15.2342 
645 0 0 0 5206 0 0 0 15.2484 
646 0 0 0 5206 0 0 0 15.2626 
647 0 0 0 5206 0 0 0 15.2768 
648 0 0 0 5206 0 0 0 15.291 
649 0 0 0 5206 0 0 0 15.3052 
650 0 0 0 5206 0 0 0 15.3193 
651 0 0 0 5206 0 0 0 15.3335 
652 0 0 0 5206 0 0 0 15.3476 
653 0 0 0.000547226 5206 0 0 0 15.3618 
654 0 0 0.000611779 5206 0 0 0 15.3759 
655 0 0 0.00112499 5206 0 0 0 15.39 
656 0 0 0.00320789 5206 0 0 0 15.4041 
657 0 0 0.00586201 5206 0 0 0 15.4183 
658 0 0 0.00841747 5206 0 0 0 15.4324 
659 0 0 0.0106814 5206 0 0 0 15.4464 
660 0 0 0.012715 5206 0 0 0 15.4605 
661 0 0 0.0137117 5206 0 0 0 15.4746 
662 0 0 0.0150434 5206 0 0 0 15.4887 
663 0 0 0.0125401 5206 0 0 0 15.5027 
664 0 0 0.0110611 5206 0 0 0 15.5168 
665 0 0 0.0105102 5206 0 0 0 15.5308 
666 0 0 0.00588775 5206 0 0 0 15.5449 
666.415 2.41087 0 0.00589785 5206 0 0 0 15.5589 
668 0 0 0 5206 0 0 0 15.5729 
669 0 0 0 5206 0 0 0 15.5869 
670 0 0 0.000605738 5206 0 0 0 15.6009 
671 0 0 0 5206 0 0 0 15.6149 
672 0 0 0 5206 0 0 0 15.6289 
673 0 0 0 5206 0 0 0 15.6429 
674 0 0 0 5206 0 0 0 15.6569 
675 0 0 0 5206 0 0 0 15.6708 
676 0 0 0 5206 0 0 0 15.6848 
677 0 0 0.00058255 5206 0 0 0 15.6987 
678 0 0 0.000637201 5206 0 0 0 15.7127 
679 0 0 0.00140216 5206 0 0 0 15.7266 
680 0 0 0.00394446 5206 0 0 0 15.7405 
681 0 0 0.0061087 5206 0 0 0 15.7544 
682 0 0 0.00921605 5206 0 0 0 15.7683 
683 0 0 0.011862 5206 0 0 0 15.7822 
684 0 0 0.0140091 5206 0 0 0 15.7961 
685 0 0 0.0151168 5206 0 0 0 15.81 
686 0 0 0.0159193 5206 0 0 0 15.8239 
687 0 0 0.016038 5206 0 0 0 15.8377 
688 0 0 0.0146567 5206 0 0 0 15.8516 
689 0 0 0.0129477 5206 0 0 0 15.8654 
690 0 0 0.00985168 5206 0 0 0 15.8792 
691 0 0 0.00526109 5206 0 0 0 15.8931 
692 0 0 0.00309457 5206 0 0 0 15.9069 
693 0 0 0.0007577 5206 0 0 0 15.9207 
694 0 0 0.000207261 5206 0 0 0 15.9345 
695 0 0 0 5206 0 0 0 15.9483 
696 0 0 0 5206 0 0 0 15.962 
697 0 0 0 5206 0 0 0 15.9758 
698 0 0 0 5206 0 0 0 15.9896 
699 0 0 0 5206 0 0 0 16.0033 
700 0 0 0 5206 0 0 0 16.0171 
701 0 0 0.000657968 5206 0 0 0 16.0308 
702 0 0 0.000992437 5206 0 0 0 16.0445 
703 0 0 0.00118332 5206 0 0 0 16.0582 
704 0 0 0.00289989 5206 0 0 0 16.0719 
705 0 0 0.00518615 5206 0 0 0 16.0856 
706 0 0 0.00896361 5206 0 0 0 16.0993 
707 0 0 0.00830578 5206 0 0 0 16.113 
708 0 0 0.0112424 5206 0 0 0 16.1267 
709 0 0 0.013009 5206 0 0 0 16.1403 
710 0 0 0.016702 5206 0 0 0 16.154 
711 0 0 0.0160994 5206 0 0 0 16.1676 
712 0 0 0.0110873 5206 0 0 0 16.1812 
713 0 0 0.0100451 5206 0 0 0 16.1949 
714 0 0 0.0043857 5206 0 0 0 16.2085 
715 0 0 0.00207858 5206 0 0 0 16.2221 
716 0 0 0.00115774 5206 0 0 0 16.2357 
717 0 0 0 5206 0 0 0 16.2492 
718 0 0 0 5206 0 0 0 16.2628 
719 0 0 1.96e-005 5206 0 0 0 16.2764 
720 0 0 0 5206 0 0 0 16.2899 
721 0 0 0 5206 0 0 0 16.3035 
722 0 0 0 5206 0 0 0 16.317 
723 0 0 0 5206 0 0 0 16.3305 
724 0 0 0 5206 0 0 0 16.344 
725 0 0 0.000847905 5206 0 0 0 16.3575 
726 0 0 0.000666619 5206 0 0 0 16.371 
727 0 0 0.00160469 5206 0 0 0 16.3845 
728 0 0 0.00412715 5206 0 0 0 16.398 
729 0 0 0.00719435 5206 0 0 0 16.4114 
730 0 0 0.0104962 5206 0 0 0 16.4249 
731 0 0 0.0131861 5206 0 0 0 16.4383 
732 0 0 0.0160295 5206 0 0 0 16.4518 
733 0 0 0.018146 5206 0 0 0 16.4652 
734 0 0 0.0108649 5206 0 0 0 16.4786 
735 0 0 0.00750879 5206 0 0 0 16.492 
736 0 0 0.00677773 5206 0 0 0 16.5054 
737 0 0 0.00700995 5206 0 0 0 16.5188 
738 0 0 0.00411418 5206 0 0 0 16.5321 
739 0 0 0.000938245 5206 0 0 0 16.5455 
739.597 2.41087 0 0.000745646 5206 0 0 0 16.5588 
741 0 0 0 5206 0 0 0 16.5722 
742 0 0 0 5206 0 0 0 16.5855 
743 0 0 0 5206 0 0 0 16.5988 
744 0 0 0 5206 0 0 0 16.6121 
745 0 0 0 5206 0 0 0 16.6254 
746 0 0 0 5206 0 0 0 16.6387 
747 0 0 0 5206 0 0 0 16.652 
748 0 0 0 5206 0 0 0 16.6653 
749 0 0 0.000673676 5206 0 0 0 16.6785 
750 0 0 0.000646367 5206 0 0 0 16.6918 
751 0 0 0.00121085 5206 0 0 0 16.705 
752 0 0 0.00329958 5206 0 0 0 16.7182 
753 0 0 0.0057069 5206 0 0 0 16.7315 
754 0 0 0.0103802 5206 0 0 0 16.7447 
755 0 0 0.01356 5206 0 0 0 16.7578 
756 0 0 0.0167114 5206 0 0 0 16.771 
757 0 0 0.0127323 5206 0 0 0 16.7842 
758 0 0 0.0125895 5206 0 0 0 16.7974 
759 0 0 0.0095122 5206 0 0 0 16.8105 
760 0 0 0.0073788 5206 0 0 0 16.8236 
761 0 0 0.0114367 5206 0 0 0 16.8368 
762 0 0 0.0106423 5206 0 0 0 16.8499 
763 0 0 0.00487054 5206 0 0 0 16.863 
764 0 0 0.0019565 5206 0 0 0 16.8761 
765 0 0 0 5206 0 0 0 16.8892 
766 0 0 0.00124048 5206 0 0 0 16.9023 
767 0 0 0 5206 0 0 0 16.9153 
768 0 0 0 5206 0 0 0 16.9284 
769 0 0 0 5206 0 0 0 16.9414 
770 0 0 0 5206 0 0 0 16.9544 
771 0 0 0 5206 0 0 0 16.9675 
772 0 0 0 5206 0 0 0 16.9805 
773 0 0 0.00101313 5206 0 0 0 16.9935 
774 0 0 0.000595336 5206 0 0 0 17.0064 
775 0 0 0.00158532 5206 0 0 0 17.0194 
776 0 0 0.00427514 5206 0 0 0 17.0324 
777 0 0 0.00678381 5206 0 0 0 17.0453 
778 0 0 0.0111937 5206 0 0 0 17.0583 
778.415 2.41087 0 0.0112113 5206 0 0 0 17.0712 
780 0 0 0.0149695 5206 0 0 0 17.0841 
781 0 0 0.0158718 5206 0 0 0 17.097 
782 0 0 0.0178394 5206 0 0 0 17.1099 
783 0 0 0.0163379 5206 0 0 0 17.1228 
784 0 0 0.016265 5206 0 0 0 17.1357 
785 0 0 0.0140559 5206 0 0 0 17.1485 
786 0 0 0.0105515 5206 0 0 0 17.1614 
787 0 0 0.00485117 5206 0 0 0 17.1742 
788 0 0 0.00095748 5206 0 0 0 17.187 
789 0 0 0 5206 0 0 0 17.1999 
790 0 0 0 5206 0 0 0 17.2127 
791 0 0 0 5206 0 0 0 17.2255 
792 0 0 0 5206 0 0 0 17.2382 
793 0 0 0 5206 0 0 0 17.251 
794 0 0 0 5206 0 0 0 17.2638 
795 0 0 0 5206 0 0 0 17.2765 
796 0 0 0 5206 0 0 0 17.2892 
797 0 0 0.0024048 5206 0 0 0 17.302 
798 0 0 0.00291503 5206 0 0 0 17.3147 
799 0 0 0.00193424 5206 0 0 0 17.3274 
800 0 0 0.00507587 5206 0 0 0 17.3401 
801 0 0 0.00879011 5206 0 0 0 17.3527 
802 0 0 0.0132285 5206 0 0 0 17.3654 
803 0 0 0.0165159 5206 0 0 0 17.378 
804 0 0 0.0196282 5206 0 0 0 17.3907 
805 0 0 0.0225546 5206 0 0 0 17.4033 
806 0 0 0.0211092 5206 0 0 0 17.4159 
807 0 0 0.0221099 5206 0 0 0 17.4285 
808 0 0 0.0152955 5206 0 0 0 17.4411 
809 0 0 0.0113127 5206 0 0 0 17.4537 
810 0 0 0.00934712 5206 0 0 0 17.4663 
811 0 0 0.00427581 5206 0 0 0 17.4788 
812 0 0 0.00380263 5206 0 0 0 17.4914 
813 0 0 0.00383797 5206 0 0 0 17.5039 
814 0 0 0.00112008 5206 0 0 0 17.5164 
815 0 0 0.00238533 5206 0 0 0 17.5289 
816 0 0 0.00217575 5206 0 0 0 17.5414 
817 0 0 0.00232252 5206 0 0 0 17.5539 
818 0 0 0.00178815 5206 0 0 0 17.5664 
819 0 0 0.00171945 5206 0 0 0 17.5789 
820 0 0 0.0020094 5206 0 0 0 17.5913 
821 0 0 0.00346572 5206 0 0 0 17.6038 
822 0 0 0.00337543 5206 0 0 0 17.6162 
823 0 0 0.00338309 5206 0 0 0 17.6286 
824 0 0 0.00417558 5206 0 0 0 17.641 
824.415 2.41087 0 0.0041819 5206 0 0 0 17.6534 
826 0 0 0.0102268 5206 0 0 0 17.6658 
827 0 0 0.0133318 5206 0 0 0 17.6781 
828 0 0 0.013567 5206 0 0 0 17.6905 
829 0 0 0.0173379 5206 0 0 0 17.7028 
830 0 0 0.0192078 5206 0 0 0 17.7151 
831 0 0 0.0185427 5206 0 0 0 17.7275 
832 0 0 0.0173555 5206 0 0 0 17.7398 
833 0 0 0.0131935 5206 0 0 0 17.752 
834 0 0 0.00980638 5206 0 0 0 17.7643 
835 0 0 0.0059063 5206 0 0 0 17.7766 
836 0 0 0.00345217 5206 0 0 0 17.7888 
837 0 0 0.000457847 5206 0 0 0 17.8011 
838 0 0 0 5206 0 0 0 17.8133 
839 0 0 0 5206 0 0 0 17.8255 
840 0 0 0 5206 0 0 0 17.8377 
841 0 0 0 5206 0 0 0 17.8499 
842 0 0 0 5206 0 0 0 17.8621 
843 0 0 0 5206 0 0 0 17.8743 
844 0 0 0 5206 0 0 0 17.8864 
845 0 0 0.000649913 5206 0 0 0 17.8986 
846 0 0 0.000641953 5206 0 0 0 17.9107 
847 0 0 0.00171842 5206 0 0 0 17.9228 
848 0 0 0.00410455 5206 0 0 0 17.9349 
849 0 0 0.00766489 5206 0 0 0 17.947 
850 0 0 0.0108006 5206 0 0 0 17.9591 
851 0 0 0.0141888 5206 0 0 0 17.9712 
852 0 0 0.0170044 5206 0 0 0 17.9832 
853 0 0 0.0188794 5206 0 0 0 17.9952 
854 0 0 0.0198733 5206 0 0 0 18.0073 
855 0 0 0.0188489 5206 0 0 0 18.0193 
856 0 0 0.016543 5206 0 0 0 18.0313 
857 0 0 0.0138391 5206 0 0 0 18.0433 
858 0 0 0.0102075 5206 0 0 0 18.0553 
859 0 0 0.00484825 5206 0 0 0 18.0672 
860 0 0 0.0015783 5206 0 0 0 18.0792 
861 0 0 0 5206 0 0 0 18.0911 
861.415 2.41087 0 0 5206 0 0 0 18.103 
863 0 0 0 5206 0 0 0 18.115 
864 0 0 0 5206 0 0 0 18.1269 
865 0 0 0 5206 0 0 0 18.1388 
866 0 0 0 5206 0 0 0 18.1506 
867 0 0 0 5206 0 0 0 18.1625 
868 0 0 0 5206 0 0 0 18.1743 
869 0 0 0.000658706 5206 0 0 0 18.1862 
870 0 0 0.000761762 5206 0 0 0 18.198 
871 0 0 0.00206046 5206 0 0 0 18.2098 
872 0 0 0.00493989 5206 0 0 0 18.2216 
873 0 0 0.00886928 5206 0 0 0 18.2334 
874 0 0 0.0129896 5206 0 0 0 18.2452 
875 0 0 0.016466 5206 0 0 0 18.2569 
876 0 0 0.0198264 5206 0 0 0 18.2687 
877 0 0 0.0225014 5206 0 0 0 18.2804 
878 0 0 0.0232545 5206 0 0 0 18.2921 
879 0 0 0.0219365 5206 0 0 0 18.3038 
880 0 0 0.0186933 5206 0 0 0 18.3155 
881 0 0 0.0151107 5206 0 0 0 18.3272 
882 0 0 0.01148 5206 0 0 0 18.3389 
883 0 0 0.00415745 5206 0 0 0 18.3505 
884 0 0 0.00126118 5206 0 0 0 18.3622 
884.415 2.41087 0 0.00126298 5206 0 0 0 18.3738 
886 0 0 0 5206 0 0 0 18.3854 
887 0 0 0 5206 0 0 0 18.397 
888 0 0 0 5206 0 0 0 18.4086 
889 0 0 0 5206 0 0 0 18.4202 
890 0 0 0 5206 0 0 0 18.4318 
891 0 0 0 5206 0 0 0 18.4433 
892 0 0 0 5206 0 0 0 18.4549 
893 0 0 0.000857597 5206 0 0 0 18.4664 
894 0 0 0.00138605 5206 0 0 0 18.4779 
895 0 0 0.00249128 5206 0 0 0 18.4894 
896 0 0 0.00539788 5206 0 0 0 18.5009 
897 0 0 0.00943702 5206 0 0 0 18.5124 
898 0 0 0.0142166 5206 0 0 0 18.5238 
899 0 0 0.0180362 5206 0 0 0 18.5353 
900 0 0 0.0206685 5206 0 0 0 18.5467 
901 0 0 0.0235806 5206 0 0 0 18.5581 
902 0 0 0.0199407 5206 0 0 0 18.5695 
903 0 0 0.0145861 5206 0 0 0 18.5809 
904 0 0 0.012293 5206 0 0 0 18.5923 
905 0 0 0.0100543 5206 0 0 0 18.6037 
906 0 0 0.00626481 5206 0 0 0 18.615 
907 0 0 0.000628558 5206 0 0 0 18.6264 
907.415 2.41087 0 0.000629434 5206 0 0 0 18.6377 
909 0 0 0 5206 0 0 0 18.649 
910 0 0 0 5206 0 0 0 18.6603 
911 0 0 0 5206 0 0 0 18.6716 
912 0 0 0 5206 0 0 0 18.6829 
913 0 0 0 5206 0 0 0 18.6941 
914 0 0 0 5206 0 0 0 18.7054 
915 0 0 0 5206 0 0 0 18.7166 
916 0 0 0 5206 0 0 0 18.7278 
917 0 0 0.00105212 5206 0 0 0 18.7391 
918 0 0 0.00107504 5206 0 0 0 18.7502 
919 0 0 0.00208233 5206 0 0 0 18.7614 
920 0 0 0.00495281 5206 0 0 0 18.7726 
921 0 0 0.00899937 5206 0 0 0 18.7838 
922 0 0 0.0122099 5206 0 0 0 18.7949 
923 0 0 0.0135673 5206 0 0 0 18.806 
924 0 0 0.0189518 5206 0 0 0 18.8171 
925 0 0 0.0189965 5206 0 0 0 18.8282 
926 0 0 0.0180975 5206 0 0 0 18.8393 
927 0 0 0.0124956 5206 0 0 0 18.8504 
928 0 0 0.00750963 5206 0 0 0 18.8615 
929 0 0 0.00480327 5206 0 0 0 18.8725 
930 0 0 0.00204794 5206 0 0 0 18.8835 
931 0 0 0 5206 0 0 0 18.8946 
932 0 0 0 5206 0 0 0 18.9056 
933 0 0 0 5206 0 0 0 18.9166 
934 0 0 0 5206 0 0 0 18.9275 
935 0 0 0 5206 0 0 0 18.9385 
936 0 0 0 5206 0 0 0 18.9495 
937 0 0 0 5206 0 0 0 18.9604 
938 0 0 0 5206 0 0 0 18.9713 
939 0 0 0 5206 0 0 0 18.9822 
940 0 0 0 5206 0 0 0 18.9931 
941 0 0 0.000777735 5206 0 0 0 19.004 
942 0 0 0.00085857 5206 0 0 0 19.0149 
943 0 0 0.00188802 5206 0 0 0 19.0258 
944 0 0 0.00497343 5206 0 0 0 19.0366 
945 0 0 0.00936494 5206 0 0 0 19.0474 
946 0 0 0.0137816 5206 0 0 0 19.0583 
947 0 0 0.0176637 5206 0 0 0 19.0691 
948 0 0 0.0212659 5206 0 0 0 19.0799 
949 0 0 0.0238233 5206 0 0 0 19.0906 
950 0 0 0.024641 5206 0 0 0 19.1014 
951 0 0 0.0236961 5206 0 0 0 19.1121 
952 0 0 0.0204996 5206 0 0 0 19.1229 
953 0 0 0.01817 5206 0 0 0 19.1336 
954 0 0 0.0121667 5206 0 0 0 19.1443 
955 0 0 0.00445389 5206 0 0 0 19.155 
955.415 2.41087 0 0.00445979 5206 0 0 0 19.1657 
957 0 0 0 5206 0 0 0 19.1764 
958 0 0 0 5206 0 0 0 19.187 
959 0 0 0.00219641 5206 0 0 0 19.1977 
960 0 0 0.00180614 5206 0 0 0 19.2083 
961 0 0 0 5206 0 0 0 19.2189 
962 0 0 0 5206 0 0 0 19.2295 
963 0 0 0.000504187 5206 0 0 0 19.2401 
964 0 0 0 5206 0 0 0 19.2507 
965 0 0 0.00135606 5206 0 0 0 19.2612 
966 0 0 0.00101591 5206 0 0 0 19.2718 
967 0 0 0.000952614 5206 0 0 0 19.2823 
968 0 0 0.00120798 5206 0 0 0 19.2928 
969 0 0 0.00245319 5206 0 0 0 19.3033 
970 0 0 0.00632099 5206 0 0 0 19.3138 
971 0 0 0.0109729 5206 0 0 0 19.3243 
972 0 0 0.0178444 5206 0 0 0 19.3348 
973 0 0 0.0194051 5206 0 0 0 19.3452 
974 0 0 0.0237054 5206 0 0 0 19.3557 
975 0 0 0.0246218 5206 0 0 0 19.3661 
976 0 0 0.0162775 5206 0 0 0 19.3765 
977 0 0 0.00745696 5206 0 0 0 19.3869 
978 0 0 0.0045881 5206 0 0 0 19.3973 
979 0 0 0.000741002 5206 0 0 0 19.4076 
980 0 0 0.00139613 5206 0 0 0 19.418 
981 0 0 0 5206 0 0 0 19.4283 
982 0 0 0 5206 0 0 0 19.4387 
983 0 0 0 5206 0 0 0 19.449 
984 0 0 0 5206 0 0 0 19.4593 
985 0 0 0 5206 0 0 0 19.4696 
986 0 0 0 5206 0 0 0 19.4798 
987 0 0 0 5206 0 0 0 19.4901 
988 0 0 0 5206 0 0 0 19.5003 
989 0 0 0.000884368 5206 0 0 0 19.5106 
990 0 0 0.00102194 5206 0 0 0 19.5208 
991 0 0 0.00139777 5206 0 0 0 19.531 
992 0 0 0.00425381 5206 0 0 0 19.5412 
993 0 0 0.00837099 5206 0 0 0 19.5514 
994 0 0 0.014422 5206 0 0 0 19.5615 
995 0 0 0.018585 5206 0 0 0 19.5717 
996 0 0 0.0222344 5206 0 0 0 19.5818 
997 0 0 0.0250881 5206 0 0 0 19.5919 
998 0 0 0.0260831 5206 0 0 0 19.6021 
999 0 0 0.0248966 5206 0 0 0 19.6121 
1000 0 0 0.0214574 5206 0 0 0 19.6222 
1001 0 0 0.0162148 5206 0 0 0 19.6323 
1002 0 0 0.00626402 5206 0 0 0 19.6424 
1003 0 0 0.00184269 5206 0 0 0 19.6524 
1004 0 0 0.0039641 5206 0 0 0 19.6624 
1005 0 0 0.000266614 5206 0 0 0 19.6724 
1006 0 0 0 5206 0 0 0 19.6824 
1007 0 0 0 5206 0 0 0 19.6924 
1008 0 0 0 5206 0 0 0 19.7024 
1009 0 0 0 5206 0 0 0 19.7123 
1010 0 0 0 5206 0 0 0 19.7223 
1011 0 0 0 5206 0 0 0 19.7322 
1012 0 0 0 5206 0 0 0 19.7421 
1013 0 0 0.000812581 5206 0 0 0 19.752 
1014 0 0 0.000814844 5206 0 0 0 19.7619 
1015 0 0 0.00194532 5206 0 0 0 19.7718 
1016 0 0 0.00588617 5206 0 0 0 19.7817 
1017 0 0 0.00782982 5206 0 0 0 19.7915 
1018 0 0 0.0146863 5206 0 0 0 19.8014 
1019 0 0 0.020284 5206 0 0 0 19.8112 
1019.41 2.41087 0 0.0203089 5206 0 0 0 19.821 
1021 0 0 0.0162798 5206 0 0 0 19.8308 
1022 0 0 0.0163445 5206 0 0 0 19.8406 
1023 0 0 0.0135277 5206 0 0 0 19.8503 
1024 0 0 0.0137405 5206 0 0 0 19.8601 
1025 0 0 0.00916971 5206 0 0 0 19.8698 
1026 0 0 0.00324914 5206 0 0 0 19.8795 
1027 0 0 0.00173177 5206 0 0 0 19.8893 
1028 0 0 0.00143432 5206 0 0 0 19.899 
1029 0 0 0 5206 0 0 0 19.9086 
1030 0 0 0 5206 0 0 0 19.9183 
1031 0 0 0 5206 0 0 0 19.928 
1032 0 0 0 5206 0 0 0 19.9376 
1033 0 0 0 5206 0 0 0 19.9472 
1034 0 0 0 5206 0 0 0 19.9569 
1035 0 0 0 5206 0 0 0 19.9665 
1036 0 0 0 5206 0 0 0 19.976 
1037 0 0 0.000839592 5206 0 0 0 19.9856 
1038 0 0 0.000815859 5206 0 0 0 19.9952 
1039 0 0 0.00127346 5206 0 0 0 20.0047 
1040 0 0 0.00407894 5206 0 0 0 20.0143 
1041 0 0 0.00384783 5206 0 0 0 20.0238 
1042 0 0 0.004968 5206 0 0 0 20.0333 
1043 0 0 0.0082042 5206 0 0 0 20.0428 
1044 0 0 0.0218159 5206 0 0 0 20.0523 
1045 0 0 0.0258486 5206 0 0 0 20.0617 
1046 0 0 0.0265136 5206 0 0 0 20.0712 
1047 0 0 0.0257202 5206 0 0 0 20.0806 
1048 0 0 0.0224383 5206 0 0 0 20.09 
1049 0 0 0.0188038 5206 0 0 0 20.0995 
1050 0 0 0.0144558 5206 0 0 0 20.1089 
1051 0 0 0.00667585 5206 0 0 0 20.1182 
1052 0 0 0.00175247 5206 0 0 0 20.1276 
1053 0 0 0.000403375 5206 0 0 0 20.137 
1054 0 0 0 5206 0 0 0 20.1463 
1055 0 0 0 5206 0 0 0 20.1556 
1056 0 0 0 5206 0 0 0 20.1649 
1057 0 0 0 5206 0 0 0 20.1742 
1058 0 0 0 5206 0 0 0 20.1835 
1059 0 0 0 5206 0 0 0 20.1928 
1060 0 0 0 5206 0 0 0 20.2021 
1061 0 0 0.000908138 5206 0 0 0 20.2113 
1062 0 0 0.000976938 5206 0 0 0 20.2206 
1063 0 0 0.00159253 5206 0 0 0 20.2298 
1064 0 0 0.00589619 5206 0 0 0 20.239 
1064.41 2.41087 0 0.00590303 5206 0 0 0 20.2482 
1066 0 0 0.0108679 5206 0 0 0 20.2574 
1067 0 0 0.0143169 5206 0 0 0 20.2665 
1068 0 0 0.019684 5206 0 0 0 20.2757 
1069 0 0 0.0284871 5206 0 0 0 20.2848 
1070 0 0 0.0226989 5206 0 0 0 20.2939 
1071 0 0 0.026316 5206 0 0 0 20.303 
1072 0 0 0.0241838 5206 0 0 0 20.3121 
1073 0 0 0.00643046 5206 0 0 0 20.3212 
1074 0 0 0.00246655 5206 0 0 0 20.3303 
1075 0 0 0 5206 0 0 0 20.3394 
1076 0 0 0 5206 0 0 0 20.3484 
1077 0 0 0 5206 0 0 0 20.3574 
1078 0 0 0 5206 0 0 0 20.3664 
1079 0 0 0 5206 0 0 0 20.3755 
1080 0 0 0 5206 0 0 0 20.3844 
1081 0 0 0 5206 0 0 0 20.3934 
1082 0 0 0.000412831 5206 0 0 0 20.4024 
1083 0 0 0 5206 0 0 0 20.4113 
1084 0 0 0 5206 0 0 0 20.4203 
1085 0 0 0.00107491 5206 0 0 0 20.4292 
1086 0 0 0.00108996 5206 0 0 0 20.4381 
1087 0 0 0.00235124 5206 0 0 0 20.447 
1088 0 0 0.00673558 5206 0 0 0 20.4559 
1089 0 0 0.00955019 5206 0 0 0 20.4647 
1090 0 0 0.0154473 5206 0 0 0 20.4736 
1091 0 0 0.0204926 5206 0 0 0 20.4824 
1092 0 0 0.0236849 5206 0 0 0 20.4913 
1093 0 0 0.0224225 5206 0 0 0 20.5001 
1094 0 0 0.0244509 5206 0 0 0 20.5089 
1095 0 0 0.0177268 5206 0 0 0 20.5177 
1096 0 0 0.0134084 5206 0 0 0 20.5264 
1097 0 0 0.00764901 5206 0 0 0 20.5352 
1098 0 0 0.00434347 5206 0 0 0 20.5439 
1099 0 0 0.00249532 5206 0 0 0 20.5527 
1100 0 0 0.000550855 5206 0 0 0 20.5614 
1101 0 0 0 5206 0 0 0 20.5701 
1102 0 0 0 5206 0 0 0 20.5788 
1103 0 0 0 5206 0 0 0 20.5875 
1104 0 0 0 5206 0 0 0 20.5961 
1105 0 0 0 5206 0 0 0 20.6048 
1106 0 0 0 5206 0 0 0 20.6134 
1107 0 0 0 5206 0 0 0 20.6221 
1108 0 0 0 5206 0 0 0 20.6307 
1109 0 0 0.00211694 5206 0 0 0 20.6393 
1110 0 0 0.00170834 5206 0 0 0 20.6479 
1111 0 0 0.00370392 5206 0 0 0 20.6564 
1112 0 0 0.00574699 5206 0 0 0 20.665 
1113 0 0 0.0108653 5206 0 0 0 20.6735 
1113.41 2.41087 0 0.0108771 5206 0 0 0 20.6821 
1115 0 0 0.0214536 5206 0 0 0 20.6906 
1116 0 0 0.0256872 5206 0 0 0 20.6991 
1117 0 0 0.0289981 5206 0 0 0 20.7076 
1118 0 0 0.0291642 5206 0 0 0 20.7161 
1119 0 0 0.0284686 5206 0 0 0 20.7245 
1120 0 0 0.0154451 5206 0 0 0 20.733 
1121 0 0 0.00895283 5206 0 0 0 20.7414 
1122 0 0 0.00783843 5206 0 0 0 20.7499 
1123 0 0 0.00451379 5206 0 0 0 20.7583 
1124 0 0 0 5206 0 0 0 20.7667 
1125 0 0 0 5206 0 0 0 20.7751 
1126 0 0 0 5206 0 0 0 20.7834 
1127 0 0 0 5206 0 0 0 20.7918 
1128 0 0 0 5206 0 0 0 20.8001 
1129 0 0 0 5206 0 0 0 20.8085 
1130 0 0 0 5206 0 0 0 20.8168 
1131 0 0 0 5206 0 0 0 20.8251 
1132 0 0 0 5206 0 0 0 20.8334 
1133 0 0 0.00153863 5206 0 0 0 20.8417 
1134 0 0 0.00131252 5206 0 0 0 20.8499 
1135 0 0 0.00198956 5206 0 0 0 20.8582 
1136 0 0 0.00606974 5206 0 0 0 20.8664 
1136.41 2.41087 0 0.00607612 5206 0 0 0 20.8747 
1138 0 0 0.0173092 5206 0 0 0 20.8829 
1139 0 0 0.0223884 5206 0 0 0 20.8911 
1140 0 0 0.0263663 5206 0 0 0 20.8993 
1141 0 0 0.0294653 5206 0 0 0 20.9075 
1142 0 0 0.0303716 5206 0 0 0 20.9156 
1143 0 0 0.0293511 5206 0 0 0 20.9238 
1144 0 0 0.0253765 5206 0 0 0 20.9319 
1145 0 0 0.0205163 5206 0 0 0 20.94 
1146 0 0 0.0153122 5206 0 0 0 20.9481 
1147 0 0 0.00576952 5206 0 0 0 20.9562 
1148 0 0 0.0026838 5206 0 0 0 20.9643 
1149 0 0 0 5206 0 0 0 20.9724 
1150 0 0 0 5206 0 0 0 20.9804 
1151 0 0 0 5206 0 0 0 20.9885 
1152 0 0 0 5206 0 0 0 20.9965 
1153 0 0 0 5206 0 0 0 21.0045 
1154 0 0 0 5206 0 0 0 21.0125 
1155 0 0 0 5206 0 0 0 21.0205 
1156 0 0 0 5206 0 0 0 21.0285 
1157 0 0 0.00111363 5206 0 0 0 21.0365 
1158 0 0 0.00165544 5206 0 0 0 21.0444 
1159 0 0 0.00283989 5206 0 0 0 21.0524 
1160 0 0 0.00690363 5206 0 0 0 21.0603 
1161 0 0 0.0123641 5206 0 0 0 21.0682 
1162 0 0 0.0180599 5206 0 0 0 21.0761 
1163 0 0 0.0232628 5206 0 0 0 21.084 
1164 0 0 0.0274468 5206 0 0 0 21.0919 
1165 0 0 0.0305977 5206 0 0 0 21.0998 
1166 0 0 0.0322429 5206 0 0 0 21.1076 
1167 0 0 0.031487 5206 0 0 0 21.1154 
1168 0 0 0.0263878 5206 0 0 0 21.1233 
1169 0 0 0.021372 5206 0 0 0 21.1311 
1170 0 0 0.0151919 5206 0 0 0 21.1389 
1171 0 0 0.0064064 5206 0 0 0 21.1467 
1172 0 0 0.00208365 5206 0 0 0 21.1544 
1173 0 0 0 5206 0 0 0 21.1622 
1174 0 0 0 5206 0 0 0 21.17 
1175 0 0 0 5206 0 0 0 21.1777 
1176 0 0 0 5206 0 0 0 21.1854 
1177 0 0 0 5206 0 0 0 21.1931 
1178 0 0 0 5206 0 0 0 21.2008 
1179 0 0 0 5206 0 0 0 21.2085 
1180 0 0 0 5206 0 0 0 21.2162 
1181 0 0 0.00107866 5206 0 0 0 21.2238 
1182 0 0 0.00122844 5206 0 0 0 21.2315 
1183 0 0 0.00239168 5206 0 0 0 21.2391 
1184 0 0 0.00670475 5206 0 0 0 21.2467 
1185 0 0 0.0120651 5206 0 0 0 21.2543 
1186 0 0 0.018156 5206 0 0 0 21.2619 
1187 0 0 0.0227936 5206 0 0 0 21.2695 
1188 0 0 0.0274646 5206 0 0 0 21.2771 
1189 0 0 0.0301546 5206 0 0 0 21.2846 
1190 0 0 0.0247527 5206 0 0 0 21.2922 
1191 0 0 0.0161753 5206 0 0 0 21.2997 
1192 0 0 0.0128292 5206 0 0 0 21.3072 
1193 0 0 0.0142527 5206 0 0 0 21.3147 
1194 0 0 0.0126275 5206 0 0 0 21.3222 
1195 0 0 0.00418894 5206 0 0 0 21.3297 
1196 0 0 0.00113562 5206 0 0 0 21.3372 
1196.41 2.41087 0 0.00113672 5206 0 0 0 21.3446 
1198 0 0 0 5206 0 0 0 21.3521 
1199 0 0 0 5206 0 0 0 21.3595 
1200 0 0 0 5206 0 0 0 21.3669 
1201 0 0 0 5206 0 0 0 21.3743 
1202 0 0 0 5206 0 0 0 21.3817 
1203 0 0 0 5206 0 0 0 21.3891 
1204 0 0 0 5206 0 0 0 21.3965 
1205 0 0 0.00202201 5206 0 0 0 21.4038 
1206 0 0 0.00122866 5206 0 0 0 21.4112 
1207 0 0 0.00263521 5206 0 0 0 21.4185 
1208 0 0 0.00802902 5206 0 0 0 21.4258 
1209 0 0 0.0122558 5206 0 0 0 21.4331 
1210 0 0 0.0175491 5206 0 0 0 21.4404 
1211 0 0 0.0229099 5206 0 0 0 21.4477 
1212 0 0 0.0278644 5206 0 0 0 21.455 
1213 0 0 0.0307636 5206 0 0 0 21.4622 
1214 0 0 0.0331029 5206 0 0 0 21.4695 
1215 0 0 0.0307845 5206 0 0 0 21.4767 
1216 0 0 0.0274705 5206 0 0 0 21.4839 
1217 0 0 0.0246947 5206 0 0 0 21.4911 
1218 0 0 0.0188599 5206 0 0 0 21.4983 
1219 0 0 0.00878156 5206 0 0 0 21.5055 
1220 0 0 4.01e-005 5206 0 0 0 21.5127 
1221 0 0 0.00118062 5206 0 0 0 21.5198 
1222 0 0 0 5206 0 0 0 21.527 
1223 0 0 0.00116929 5206 0 0 0 21.5341 
1224 0 0 0 5206 0 0 0 21.5412 
1225 0 0 0 5206 0 0 0 21.5483 
1226 0 0 0 5206 0 0 0 21.5554 
1227 0 0 0 5206 0 0 0 21.5625 
1228 0 0 0 5206 0 0 0 21.5696 
1229 0 0 0.00168514 5206 0 0 0 21.5766 
1230 0 0 0.00137886 5206 0 0 0 21.5837 
1231 0 0 0.00224736 5206 0 0 0 21.5907 
1232 0 0 0.00563491 5206 0 0 0 21.5977 
1233 0 0 0.0132456 5206 0 0 0 21.6047 
1234 0 0 0.0156736 5206 0 0 0 21.6117 
1234.41 2.41087 0 0.0156878 5206 0 0 0 21.6187 
1236 0 0 0.029279 5206 0 0 0 21.6257 
1237 0 0 0.0335525 5206 0 0 0 21.6327 
1238 0 0 0.0266383 5206 0 0 0 21.6396 
1239 0 0 0.0340316 5206 0 0 0 21.6465 
1240 0 0 0.0296012 5206 0 0 0 21.6535 
1241 0 0 0.0250228 5206 0 0 0 21.6604 
1242 0 0 0.0186247 5206 0 0 0 21.6673 
1243 0 0 0.0084117 5206 0 0 0 21.6742 
1244 0 0 0.00259798 5206 0 0 0 21.681 
1245 0 0 0 5206 0 0 0 21.6879 
1246 0 0 0 5206 0 0 0 21.6948 
1247 0 0 0 5206 0 0 0 21.7016 
1248 0 0 0 5206 0 0 0 21.7084 
1249 0 0 0 5206 0 0 0 21.7152 
1250 0 0 0 5206 0 0 0 21.722 
1251 0 0 0 5206 0 0 0 21.7288 
1252 0 0 0 5206 0 0 0 21.7356 
1253 0 0 0.00216186 5206 0 0 0 21.7424 
1254 0 0 0.00184215 5206 0 0 0 21.7491 
1255 0 0 0.00360399 5206 0 0 0 21.7559 
1256 0 0 0.00749333 5206 0 0 0 21.7626 
1257 0 0 0.0134687 5206 0 0 0 21.7693 
1258 0 0 0.0194128 5206 0 0 0 21.776 
1258.41 2.41087 0 0.0194297 5206 0 0 0 21.7827 
1260 0 0 0.0304639 5206 0 0 0 21.7894 
1261 0 0 0.0340691 5206 0 0 0 21.7961 
1262 0 0 0.0345921 5206 0 0 0 21.8028 
1263 0 0 0.0346344 5206 0 0 0 21.8094 
1264 0 0 0.0194886 5206 0 0 0 21.8161 
1265 0 0 0.012385 5206 0 0 0 21.8227 
1266 0 0 0.00914195 5206 0 0 0 21.8293 
1267 0 0 0.00264958 5206 0 0 0 21.8359 
1268 0 0 0.000652115 5206 0 0 0 21.8425 
1269 0 0 0 5206 0 0 0 21.8491 
1270 0 0 0 5206 0 0 0 21.8556 
1271 0 0 0 5206 0 0 0 21.8622 
1272 0 0 0 5206 0 0 0 21.8687 
1273 0 0 0 5206 0 0 0 21.8753 
1274 0 0 0 5206 0 0 0 21.8818 
1275 0 0 0 5206 0 0 0 21.8883 
1276 0 0 0 5206 0 0 0 21.8948 
1277 0 0 0.00184667 5206 0 0 0 21.9013 
1278 0 0 0.00123319 5206 0 0 0 21.9077 
1279 0 0 0.00330851 5206 0 0 0 21.9142 
1280 0 0 0.00764622 5206 0 0 0 21.9207 
1281 0 0 0.0135399 5206 0 0 0 21.9271 
1282 0 0 0.0199005 5206 0 0 0 21.9335 
1283 0 0 0.025868 5206 0 0 0 21.9399 
1283.21 2.41087 0 0.0258898 5206 0 0 0 21.9463 
1285 0 0 0.0344871 5206 0 0 0 21.9527 
1286 0 0 0.0363027 5206 0 0 0 21.9591 
1287 0 0 0.0351044 5206 0 0 0 21.9655 
1288 0 0 0.0301527 5206 0 0 0 21.9718 
1289 0 0 0.0241177 5206 0 0 0 21.9782 
1290 0 0 0.0174641 5206 0 0 0 21.9845 
1291 0 0 0.00459345 5206 0 0 0 21.9909 
1292 0 0 0.00128657 5206 0 0 0 21.9972 
1293 0 0 0 5206 0 0 0 22.0035 
1294 0 0 0 5206 0 0 0 22.0098 
1295 0 0 0 5206 0 0 0 22.016 
1296 0 0 0 5206 0 0 0 22.0223 
1297 0 0 0 5206 0 0 0 22.0286 
1298 0 0 0 5206 0 0 0 22.0348 
1299 0 0 0 5206 0 0 0 22.041 
1300 0 0 0 5206 0 0 0 22.0473 
1301 0 0 0.0016479 5206 0 0 0 22.0535 
1302 0 0 0.00125974 5206 0 0 0 22.0597 
1303 0 0 0.00236613 5206 0 0 0 22.0658 
1304 0 0 0.0057831 5206 0 0 0 22.072 
1305 0 0 0.0109073 5206 0 0 0 22.0782 
1306 0 0 0.0172433 5206 0 0 0 22.0843 
1307 0 0 0.0232185 5206 0 0 0 22.0905 
1308 0 0 0.0289832 5206 0 0 0 22.0966 
1309 0 0 0.0326418 5206 0 0 0 22.1027 
1310 0 0 0.0351495 5206 0 0 0 22.1088 
1311 0 0 0.0338437 5206 0 0 0 22.1149 
1312 0 0 0.0289121 5206 0 0 0 22.121 
1313 0 0 0.0237036 5206 0 0 0 22.1271 
1314 0 0 0.0181882 5206 0 0 0 22.1332 
1315 0 0 0.00785825 5206 0 0 0 22.1392 
1316 0 0 0.00227794 5206 0 0 0 22.1453 
1317 0 0 0 5206 0 0 0 22.1513 
1318 0 0 0 5206 0 0 0 22.1573 
1319 0 0 0 5206 0 0 0 22.1633 
1320 0 0 0 5206 0 0 0 22.1693 
1321 0 0 0 5206 0 0 0 22.1753 
1322 0 0 0 5206 0 0 0 22.1813 
1323 0 0 0 5206 0 0 0 22.1872 
1324 0 0 0 5206 0 0 0 22.1932 
1325 0 0 0.0013855 5206 0 0 0 22.1991 
1326 0 0 0.00118158 5206 0 0 0 22.2051 
1327 0 0 0.00225478 5206 0 0 0 22.211 
1328 0 0 0.0075715 5206 0 0 0 22.2169 
1329 0 0 0.0146714 5206 0 0 0 22.2228 
1330 0 0 0.0180086 5206 0 0 0 22.2287 
1331 0 0 0.0269446 5206 0 0 0 22.2346 
1331.41 2.41087 0 0.0269655 5206 0 0 0 22.2404 
1333 0 0 0.0340932 5206 0 0 0 22.2463 
1334 0 0 0.0383659 5206 0 0 0 22.2521 
1335 0 0 0.0328829 5206 0 0 0 22.2579 
1336 0 0 0.0328163 5206 0 0 0 22.2638 
1337 0 0 0.0270141 5206 0 0 0 22.2696 
1338 0 0 0.0229394 5206 0 0 0 22.2754 
1339 0 0 0.0124397 5206 0 0 0 22.2812 
1340 0 0 0.00810979 5206 0 0 0 22.2869 
1341 0 0 0.00559883 5206 0 0 0 22.2927 
1342 0 0 0.00419006 5206 0 0 0 22.2985 
1343 0 0 0 5206 0 0 0 22.3042 
1344 0 0 0 5206 0 0 0 22.31 
1345 0 0 0.000878653 5206 0 0 0 22.3157 
1346 0 0 0 5206 0 0 0 22.3214 
1347 0 0 0 5206 0 0 0 22.3271 
1348 0 0 0 5206 0 0 0 22.3328 
1349 0 0 0.00200768 5206 0 0 0 22.3385 
1350 0 0 0.00190479 5206 0 0 0 22.3441 
1351 0 0 0.00219369 5206 0 0 0 22.3498 
1352 0 0 0.00706705 5206 0 0 0 22.3554 
1353 0 0 0.0140442 5206 0 0 0 22.3611 
1354 0 0 0.0201417 5206 0 0 0 22.3667 
1355 0 0 0.0254968 5206 0 0 0 22.3723 
1356 0 0 0.0263388 5206 0 0 0 22.3779 
1357 0 0 0.0357164 5206 0 0 0 22.3835 
1358 0 0 0.0365956 5206 0 0 0 22.3891 
1359 0 0 0.0222021 5206 0 0 0 22.3947 
1360 0 0 0.0253169 5206 0 0 0 22.4003 
1361 0 0 0.0266393 5206 0 0 0 22.4058 
1362 0 0 0.0193975 5206 0 0 0 22.4114 
1363 0 0 0.00679825 5206 0 0 0 22.4169 
1364 0 0 0.00123901 5206 0 0 0 22.4224 
1364.41 2.41087 0 0.00123991 5206 0 0 0 22.4279 
1366 0 0 0 5206 0 0 0 22.4334 
1367 0 0 0 5206 0 0 0 22.4389 
1368 0 0 0 5206 0 0 0 22.4444 
1369 0 0 0 5206 0 0 0 22.4499 
1370 0 0 0 5206 0 0 0 22.4553 
1371 0 0 0 5206 0 0 0 22.4608 
1372 0 0 0 5206 0 0 0 22.4662 
1373 0 0 0.00136264 5206 0 0 0 22.4717 
1374 0 0 0.0019031 5206 0 0 0 22.4771 
1375 0 0 0.00283391 5206 0 0 0 22.4825 
1376 0 0 0.00642171 5206 0 0 0 22.4879 
1377 0 0 0.0135679 5206 0 0 0 22.4933 
1378 0 0 0.0206924 5206 0 0 0 22.4987 
1379 0 0 0.0265507 5206 0 0 0 22.504 
1380 0 0 0.0318296 5206 0 0 0 22.5094 
1381 0 0 0.0349159 5206 0 0 0 22.5147 
1382 0 0 0.0306162 5206 0 0 0 22.5201 
1383 0 0 0.023116 5206 0 0 0 22.5254 
1384 0 0 0.0232674 5206 0 0 0 22.5307 
1385 0 0 0.0105251 5206 0 0 0 22.536 
1386 0 0 0.00732768 5206 0 0 0 22.5413 
1387 0 0 0.00534336 5206 0 0 0 22.5466 
1388 0 0 0.0004065 5206 0 0 0 22.5519 
1389 0 0 0 5206 0 0 0 22.5571 
1390 0 0 0 5206 0 0 0 22.5624 
1391 0 0 0 5206 0 0 0 22.5676 
1392 0 0 0 5206 0 0 0 22.5729 
1393 0 0 0 5206 0 0 0 22.5781 
1394 0 0 0 5206 0 0 0 22.5833 
1395 0 0 0 5206 0 0 0 22.5885 
1396 0 0 0 5206 0 0 0 22.5937 
1397 0 0 0.00115042 5206 0 0 0 22.5989 
1398 0 0 0.00113757 5206 0 0 0 22.6041 
1399 0 0 0.0021682 5206 0 0 0 22.6092 
1400 0 0 0.00680754 5206 0 0 0 22.6144 
1401 0 0 0.0137075 5206 0 0 0 22.6196 
1402 0 0 0.0206537 5206 0 0 0 22.6247 
1403 0 0 0.0280331 5206 0 0 0 22.6298 
1404 0 0 0.0315092 5206 0 0 0 22.6349 
1405 0 0 0.0370025 5206 0 0 0 22.64 
1406 0 0 0.0394022 5206 0 0 0 22.6451 
1407 0 0 0.0251129 5206 0 0 0 22.6502 
1408 0 0 0.0209317 5206 0 0 0 22.6553 
1409 0 0 0.0128045 5206 0 0 0 22.6604 
1410 0 0 0.0200409 5206 0 0 0 22.6654 
1411 0 0 0.00350717 5206 0 0 0 22.6705 
1412 0 0 0.000701571 5206 0 0 0 22.6755 
1412.59 2.41087 0 0.000963355 5206 0 0 0 22.6805 
1414 0 0 0.00254716 5206 0 0 0 22.6855 
1415 0 0 0.00217907 5206 0 0 0 22.6906 
1416 0 0 0.00219166 5206 0 0 0 22.6956 
1417 0 0 0.00141424 5206 0 0 0 22.7005 
1418 0 0 0.000644251 5206 0 0 0 22.7055 
1419 0 0 0.000782135 5206 0 0 0 22.7105 
1420 0 0 0 5206 0 0 0 22.7154 
1421 0 0 0.00125324 5206 0 0 0 22.7204 
1422 0 0 0.00125148 5206 0 0 0 22.7253 
1423 0 0 0.00148298 5206 0 0 0 22.7303 
1424 0 0 0.00239174 5206 0 0 0 22.7352 
1425 0 0 0.00490072 5206 0 0 0 22.7401 
1426 0 0 0.00879269 5206 0 0 0 22.745 
1427 0 0 0.0114477 5206 0 0 0 22.7499 
1428 0 0 0.0138336 5206 0 0 0 22.7548 
1429 0 0 0.0134128 5206 0 0 0 22.7597 
1430 0 0 0.0132088 5206 0 0 0 22.7645 
1431 0 0 0.0127514 5206 0 0 0 22.7694 
1432 0 0 0.008199 5206 0 0 0 22.7742 
1433 0 0 0.00543675 5206 0 0 0 22.779 
1434 0 0 0.00238533 5206 0 0 0 22.7839 
1435 0 0 0.000826433 5206 0 0 0 22.7887 
1436 0 0 0 5206 0 0 0 22.7935 
1437 0 0 0 5206 0 0 0 22.7983 
1438 0 0 0 5206 0 0 0 22.8031 
1439 0 0 0 5206 0 0 0 22.8079 
1440 0 0 0 5206 0 0 0 22.8126 
1441 0 0 0 5206 0 0 0 22.8174 
1442 0 0 0 5206 0 0 0 22.8221 
1443 0 0 0 5206 0 0 0 22.8269 
1444 0 0 0 5206 0 0 0 22.8316 
1445 0 0 0.00135153 5206 0 0 0 22.8363 
1446 0 0 0.00119605 5206 0 0 0 22.841 
1447 0 0 0.00129663 5206 0 0 0 22.8457 
1448 0 0 0.00196106 5206 0 0 0 22.8504 
1449 0 0 0.00291523 5206 0 0 0 22.8551 
1450 0 0 0.00467922 5206 0 0 0 22.8598 
1451 0 0 0.00679806 5206 0 0 0 22.8645 
1452 0 0 0.0107442 5206 0 0 0 22.8691 
1453 0 0 0.00969888 5206 0 0 0 22.8738 
1454 0 0 0.00950607 5206 0 0 0 22.8784 
1455 0 0 0.00489904 5206 0 0 0 22.883 
1456 0 0 0.00517959 5206 0 0 0 22.8877 
1457 0 0 0.00429239 5206 0 0 0 22.8923 
1458 0 0 0.00147756 5206 0 0 0 22.8969 
1459 0 0 0 5206 0 0 0 22.9015 
1460 0 0 0 5206 0 0 0 22.9061 
1461 0 0 0 5206 0 0 0 22.9106 
1462 0 0 0 5206 0 0 0 22.9152 
1463 0 0 0 5206 0 0 0 22.9198 
1464 0 0 0 5206 0 0 0 22.9243 
1465 0 0 0 5206 0 0 0 22.9288 
1466 0 0 0 5206 0 0 0 22.9334 
1467 0 0 0 5206 0 0 0 22.9379 
1468 0 0 0 5206 0 0 0 22.9424 
1469 0 0 0.00116382 5206 0 0 0 22.9469 
1470 0 0 0.00157268 5206 0 0 0 22.9514 
1471 0 0 0.00140248 5206 0 0 0 22.9559 
1472 0 0 0.00201821 5206 0 0 0 22.9604 
1473 0 0 0.00251769 5206 0 0 0 22.9648 
1474 0 0 0.00343536 5206 0 0 0 22.9693 
1475 0 0 0.00507788 5206 0 0 0 22.9737 
1476 0 0 0.00621706 5206 0 0 0 22.9782 
1477 0 0 0.00879124 5206 0 0 0 22.9826 
1478 0 0 0.00906725 5206 0 0 0 22.987 
1479 0 0 0.00808254 5206 0 0 0 22.9914 
1480 0 0 0.00860146 5206 0 0 0 22.9958 
1481 0 0 0.00597352 5206 0 0 0 23.0002 
1482 0 0 0.00297861 5206 0 0 0 23.0046 
1483 0 0 0.000133416 5206 0 0 0 23.009 
1484 0 0 0 5206 0 0 0 23.0134 
1485 0 0 0 5206 0 0 0 23.0177 
1486 0 0 0 5206 0 0 0 23.0221 
1487 0 0 0 5206 0 0 0 23.0264 
1488 0 0 0 5206 0 0 0 23.0308 
1489 0 0 0 5206 0 0 0 23.0351 
1490 0 0 0 5206 0 0 0 23.0394 
1491 0 0 0 5206 0 0 0 23.0437 
1492 0 0 0 5206 0 0 0 23.048 
1493 0 0 0.00130024 5206 0 0 0 23.0523 
1494 0 0 0.00122389 5206 0 0 0 23.0566 
1495 0 0 0.00271588 5206 0 0 0 23.0609 
1496 0 0 0.00821854 5206 0 0 0 23.0651 
1497 0 0 0.0151084 5206 0 0 0 23.0694 
1498 0 0 0.0227493 5206 0 0 0 23.0736 
1499 0 0 0.0292111 5206 0 0 0 23.0779 
1500 0 0 0.0352538 5206 0 0 0 23.0821 
1501 0 0 0.0397633 5206 0 0 0 23.0863 
1502 0 0 0.0405665 5206 0 0 0 23.0905 
1503 0 0 0.0365706 5206 0 0 0 23.0947 
1504 0 0 0.0277875 5206 0 0 0 23.0989 
1505 0 0 0.0159356 5206 0 0 0 23.1031 
1506 0 0 0.0143911 5206 0 0 0 23.1073 
1507 0 0 0.00250816 5206 0 0 0 23.1115 
1508 0 0 0 5206 0 0 0 23.1156 
1509 0 0 0 5206 0 0 0 23.1198 
1510 0 0 0 5206 0 0 0 23.1239 
1511 0 0 0 5206 0 0 0 23.1281 
1512 0 0 0 5206 0 0 0 23.1322 
1513 0 0 0 5206 0 0 0 23.1363 
1514 0 0 0 5206 0 0 0 23.1404 
1515 0 0 0 5206 0 0 0 23.1445 
1516 0 0 0 5206 0 0 0 23.1486 
1517 0 0 0.00142232 5206 0 0 0 23.1527 
1518 0 0 0.00124956 5206 0 0 0 23.1568 
1519 0 0 0.00144029 5206 0 0 0 23.1609 
1520 0 0 0.00244834 5206 0 0 0 23.1649 
1521 0 0 0.00370473 5206 0 0 0 23.169 
1522 0 0 0.0060329 5206 0 0 0 23.173 
1523 0 0 0.0151424 5206 0 0 0 23.1771 
1524 0 0 0.0217768 5206 0 0 0 23.1811 
1525 0 0 0.0347321 5206 0 0 0 23.1851 
1526 0 0 0.0352058 5206 0 0 0 23.1891 
1527 0 0 0.0231954 5206 0 0 0 23.1931 
1528 0 0 0.0202991 5206 0 0 0 23.1971 
1529 0 0 0.015 5206 0 0 0 23.2011 
1530 0 0 0.009 5206 0 0 0 23.2051 
1531 0 0 0.00263134 5206 0 0 0 23.2091 
1532 0 0 0.00128458 5206 0 0 0 23.2131 
1533 0 0 0 5206 0 0 0 23.217 
1534 0 0 0 5206 0 0 0 23.221 
1535 0 0 0 5206 0 0 0 23.2249 
1536 0 0 0 5206 0 0 0 23.2288 
1537 0 0 0 5206 0 0 0 23.2328 
1538 0 0 0 5206 0 0 0 23.2367 
1539 0 0 0 5206 0 0 0 23.2406 
1540 0 0 0 5206 0 0 0 23.2445 
1541 0 0 0.0013875 5206 0 0 0 23.2484 
1542 0 0 0.00164705 5206 0 0 0 23.2523 
1543 0 0 0.00237585 5206 0 0 0 23.2561 
1544 0 0 0.00522726 5206 0 0 0 23.26 
1545 0 0 0.0116374 5206 0 0 0 23.2639 
1546 0 0 0.0193779 5206 0 0 0 23.2677 
1547 0 0 0.0170385 5206 0 0 0 23.2716 
1548 0 0 0.0361679 5206 0 0 0 23.2754 
1549 0 0 0.0398636 5206 0 0 0 23.2792 
1550 0 0 0.0374876 5206 0 0 0 23.283 
1551 0 0 0.0342924 5206 0 0 0 23.2869 
1552 0 0 0.0381945 5206 0 0 0 23.2907 
1553 0 0 0.0317753 5206 0 0 0 23.2945 
1554 0 0 0.022727 5206 0 0 0 23.2982 
1555 0 0 0.0074269 5206 0 0 0 23.302 
1556 0 0 0.0016693 5206 0 0 0 23.3058 
1556.59 2.41087 0 0 5206 0 0 0 23.3096 
1558 0 0 0 5206 0 0 0 23.3133 
1559 0 0 0 5206 0 0 0 23.3171 
1560 0 0 0 5206 0 0 0 23.3208 
1561 0 0 0 5206 0 0 0 23.3246 
1562 0 0 0 5206 0 0 0 23.3283 
1563 0 0 0 5206 0 0 0 23.332 
1564 0 0 0 5206 0 0 0 23.3357 
1565 0 0 0.00147362 5206 0 0 0 23.3394 
1566 0 0 0.00149172 5206 0 0 0 23.3431 
1567 0 0 0.00238266 5206 0 0 0 23.3468 
1568 0 0 0.00783081 5206 0 0 0 23.3505 
1569 0 0 0.0152853 5206 0 0 0 23.3542 
1570 0 0 0.0229236 5206 0 0 0 23.3578 
1571 0 0 0.0298613 5206 0 0 0 23.3615 
1572 0 0 0.0357725 5206 0 0 0 23.3651 
1573 0 0 0.0406786 5206 0 0 0 23.3688 
1574 0 0 0.0427259 5206 0 0 0 23.3724 
1575 0 0 0.0418422 5206 0 0 0 23.376 
1576 0 0 0.036933 5206 0 0 0 23.3797 
1577 0 0 0.0329135 5206 0 0 0 23.3833 
1578 0 0 0.00389281 5206 0 0 0 23.3869 
1579 0 0 0.00143121 5206 0 0 0 23.3905 
1580 0 0 0.000523383 5206 0 0 0 23.3941 
1581 0 0 0 5206 0 0 0 23.3976 
1582 0 0 0 5206 0 0 0 23.4012 
1583 0 0 0 5206 0 0 0 23.4048 
1584 0 0 0 5206 0 0 0 23.4084 
1585 0 0 0 5206 0 0 0 23.4119 
1586 0 0 0 5206 0 0 0 23.4155 
1587 0 0 0 5206 0 0 0 23.419 
1588 0 0 0 5206 0 0 0 23.4225 
1589 0 0 0.00125034 5206 0 0 0 23.426 
1590 0 0 0.0012522 5206 0 0 0 23.4296 
1591 0 0 0.00244991 5206 0 0 0 23.4331 
1592 0 0 0.00798172 5206 0 0 0 23.4366 
1593 0 0 0.0152805 5206 0 0 0 23.4401 
1594 0 0 0.0227212 5206 0 0 0 23.4436 
1595 0 0 0.0293586 5206 0 0 0 23.447 
1596 0 0 0.0354168 5206 0 0 0 23.4505 
1597 0 0 0.0401715 5206 0 0 0 23.454 
1598 0 0 0.0420467 5206 0 0 0 23.4574 
1599 0 0 0.0405674 5206 0 0 0 23.4609 
1600 0 0 0.034353 5206 0 0 0 23.4643 
1601 0 0 0.02805 5206 0 0 0 23.4678 
1602 0 0 0.0204093 5206 0 0 0 23.4712 
1603 0 0 0.00542281 5206 0 0 0 23.4746 
1604 0 0 0.000227055 5206 0 0 0 23.478 
1605 0 0 0 5206 0 0 0 23.4814 
1606 0 0 0 5206 0 0 0 23.4848 
1607 0 0 0 5206 0 0 0 23.4882 
1608 0 0 0 5206 0 0 0 23.4916 
1609 0 0 0 5206 0 0 0 23.495 
1610 0 0 0 5206 0 0 0 23.4984 
1611 0 0 0 5206 0 0 0 23.5017 
1612 0 0 0 5206 0 0 0 23.5051 
1613 0 0 0.00126607 5206 0 0 0 23.5084 
1614 0 0 0.00127882 5206 0 0 0 23.5118 
1615 0 0 0.00193914 5206 0 0 0 23.5151 
1616 0 0 0.00435414 5206 0 0 0 23.5185 
1617 0 0 0.0092681 5206 0 0 0 23.5218 
1618 0 0 0.0113605 5206 0 0 0 23.5251 
1619 0 0 0.00964062 5206 0 0 0 23.5284 
1620 0 0 0.0107604 5206 0 0 0 23.5317 
1621 0 0 0.0124286 5206 0 0 0 23.535 
1622 0 0 0.0185439 5206 0 0 0 23.5383 
1623 0 0 0.0156878 5206 0 0 0 23.5416 
1624 0 0 0.0104913 5206 0 0 0 23.5448 
1625 0 0 0.0104252 5206 0 0 0 23.5481 
1626 0 0 0.00480318 5206 0 0 0 23.5514 
1627 0 0 0 5206 0 0 0 23.5546 
1628 0 0 0 5206 0 0 0 23.5579 
1629 0 0 0 5206 0 0 0 23.5611 
1630 0 0 0 5206 0 0 0 23.5644 
1631 0 0 0 5206 0 0 0 23.5676 
1632 0 0 0 5206 0 0 0 23.5708 
1633 0 0 0 5206 0 0 0 23.574 
1634 0 0 0 5206 0 0 0 23.5772 
1635 0 0 0 5206 0 0 0 23.5804 
1636 0 0 0 5206 0 0 0 23.5836 
1637 0 0 0.00126293 5206 0 0 0 23.5868 
1638 0 0 0.00126485 5206 0 0 0 23.59 
1639 0 0 0.0013581 5206 0 0 0 23.5931 
1640 0 0 0.00241021 5206 0 0 0 23.5963 
1641 0 0 0.0042546 5206 0 0 0 23.5995 
1642 0 0 0.00935165 5206 0 0 0 23.6026 
1643 0 0 0.0146557 5206 0 0 0 23.6058 
1644 0 0 0.0277626 5206 0 0 0 23.6089 
1645 0 0 0.0383347 5206 0 0 0 23.612 
1646 0 0 0.0388969 5206 0 0 0 23.6152 
1647 0 0 0.037667 5206 0 0 0 23.6183 
1648 0 0 0.032636 5206 0 0 0 23.6214 
1649 0 0 0.0276427 5206 0 0 0 23.6245 
1650 0 0 0.00528925 5206 0 0 0 23.6276 
1651 0 0 0.00271353 5206 0 0 0 23.6307 
1652 0 0 0.000565259 5206 0 0 0 23.6338 
1653 0 0 0 5206 0 0 0 23.6369 
1654 0 0 0 5206 0 0 0 23.6399 
1655 0 0 0 5206 0 0 0 23.643 
1656 0 0 0 5206 0 0 0 23.6461 
1657 0 0 0 5206 0 0 0 23.6491 
1658 0 0 0 5206 0 0 0 23.6522 
1659 0 0 0 5206 0 0 0 23.6552 
1660 0 0 0 5206 0 0 0 23.6582 
1661 0 0 0.00135389 5206 0 0 0 23.6613 
1662 0 0 0.00142463 5206 0 0 0 23.6643 
1663 0 0 0.00265215 5206 0 0 0 23.6673 
1664 0 0 0.00855337 5206 0 0 0 23.6703 
1665 0 0 0.0164073 5206 0 0 0 23.6733 
1665.59 2.41087 0 0.0243455 5206 0 0 0 23.6763 
1667 0 0 0.031391 5206 0 0 0 23.6793 
1668 0 0 0.0375704 5206 0 0 0 23.6823 
1669 0 0 0.0423985 5206 0 0 0 23.6853 
1670 0 0 0.0440241 5206 0 0 0 23.6882 
1671 0 0 0.0425049 5206 0 0 0 23.6912 
1672 0 0 0.0364805 5206 0 0 0 23.6941 
1673 0 0 0.0299112 5206 0 0 0 23.6971 
1674 0 0 0.0231786 5206 0 0 0 23.7 
1675 0 0 0.00988233 5206 0 0 0 23.703 
1676 0 0 0.00367288 5206 0 0 0 23.7059 
1677 0 0 0 5206 0 0 0 23.7088 
1678 0 0 0 5206 0 0 0 23.7118 
1679 0 0 0 5206 0 0 0 23.7147 
1680 0 0 0 5206 0 0 0 23.7176 
1681 0 0 0 5206 0 0 0 23.7205 
1682 0 0 0 5206 0 0 0 23.7234 
1683 0 0 0 5206 0 0 0 23.7263 
1684 0 0 0 5206 0 0 0 23.7291 
1685 0 0 0.00131386 5206 0 0 0 23.732 
1686 0 0 0.0013064 5206 0 0 0 23.7349 
1687 0 0 0.00198738 5206 0 0 0 23.7378 
1688 0 0 0.0071096 5206 0 0 0 23.7406 
1689 0 0 0.0156279 5206 0 0 0 23.7435 
1690 0 0 0.0231439 5206 0 0 0 23.7463 
1691 0 0 0.0301649 5206 0 0 0 23.7491 
1692 0 0 0.0362327 5206 0 0 0 23.752 
1693 0 0 0.041729 5206 0 0 0 23.7548 
1694 0 0 0.0446967 5206 0 0 0 23.7576 
1695 0 0 0.035396 5206 0 0 0 23.7604 
1696 0 0 0.0215536 5206 0 0 0 23.7632 
1697 0 0 0.0136915 5206 0 0 0 23.7661 
1698 0 0 0.0177355 5206 0 0 0 23.7688 
1699 0 0 0.00693555 5206 0 0 0 23.7716 
1700 0 0 0 5206 0 0 0 23.7744 
1700.59 2.41087 0 0 5206 0 0 0 23.7772 
1702 0 0 0 5206 0 0 0 23.78 
1703 0 0 0 5206 0 0 0 23.7827 
1704 0 0 0 5206 0 0 0 23.7855 
1705 0 0 0 5206 0 0 0 23.7883 
1706 0 0 0 5206 0 0 0 23.791 
1707 0 0 0 5206 0 0 0 23.7938 
1708 0 0 0 5206 0 0 0 23.7965 
1709 0 0 0.00154982 5206 0 0 0 23.7992 
1710 0 0 0.00154623 5206 0 0 0 23.8019 
1711 0 0 0.00222856 5206 0 0 0 23.8047 
1712 0 0 0.00359249 5206 0 0 0 23.8074 
1713 0 0 0.00539102 5206 0 0 0 23.8101 
1714 0 0 0.00611119 5206 0 0 0 23.8128 
1715 0 0 0.00727458 5206 0 0 0 23.8155 
1716 0 0 0.00906853 5206 0 0 0 23.8182 
1717 0 0 0.0120062 5206 0 0 0 23.8209 
1718 0 0 0.00885875 5206 0 0 0 23.8235 
1719 0 0 0.00957473 5206 0 0 0 23.8262 
1720 0 0 0.00675445 5206 0 0 0 23.8289 
1721 0 0 0.00718085 5206 0 0 0 23.8315 
1722 0 0 0.00481513 5206 0 0 0 23.8342 
1723 0 0 0.00126747 5206 0 0 0 23.8368 
1724 0 0 0 5206 0 0 0 23.8395 
1725 0 0 0 5206 0 0 0 23.8421 
1726 0 0 0 5206 0 0 0 23.8448 
1727 0 0 0 5206 0 0 0 23.8474 
1728 0 0 0 5206 0 0 0 23.85 
1729 0 0 0 5206 0 0 0 23.8526 
1730 0 0 0 5206 0 0 0 23.8552 
1731 0 0 0 5206 0 0 0 23.8578 
1732 0 0 0 5206 0 0 0 23.8604 
1733 0 0 0.00135883 5206 0 0 0 23.863 
1734 0 0 0.00144643 5206 0 0 0 23.8656 
1735 0 0 0.00227325 5206 0 0 0 23.8682 
1736 0 0 0.00880513 5206 0 0 0 23.8708 
1737 0 0 0.0146735 5206 0 0 0 23.8734 
1738 0 0 0.0214208 5206 0 0 0 23.8759 
1739 0 0 0.0319451 5206 0 0 0 23.8785 
1740 0 0 0.0379712 5206 0 0 0 23.881 
1741 0 0 0.0427578 5206 0 0 0 23.8836 
1742 0 0 0.0445503 5206 0 0 0 23.8861 
1743 0 0 0.0420073 5206 0 0 0 23.8887 
1744 0 0 0.0358654 5206 0 0 0 23.8912 
1745 0 0 0.0253716 5206 0 0 0 23.8937 
1746 0 0 0.00658492 5206 0 0 0 23.8962 
1747 0 0 0.00151874 5206 0 0 0 23.8988 
1748 0 0 0 5206 0 0 0 23.9013 
1749 0 0 0 5206 0 0 0 23.9038 
1750 0 0 0 5206 0 0 0 23.9063 
1751 0 0 0 5206 0 0 0 23.9088 
1752 0 0 0 5206 0 0 0 23.9112 
1753 0 0 0 5206 0 0 0 23.9137 
1754 0 0 0 5206 0 0 0 23.9162 
1755 0 0 0 5206 0 0 0 23.9187 
1756 0 0 0 5206 0 0 0 23.9211 
1757 0 0 0.00168285 5206 0 0 0 23.9236 
1758 0 0 0.0019805 5206 0 0 0 23.9261 
1759 0 0 0.00304878 5206 0 0 0 23.9285 
1760 0 0 0.00891625 5206 0 0 0 23.931 
1761 0 0 0.0133575 5206 0 0 0 23.9334 
1762 0 0 0.0202028 5206 0 0 0 23.9358 
1763 0 0 0.0182202 5206 0 0 0 23.9383 
1764 0 0 0.031728 5206 0 0 0 23.9407 
1765 0 0 0.0230088 5206 0 0 0 23.9431 
1766 0 0 0.0321199 5206 0 0 0 23.9455 
1767 0 0 0.038574 5206 0 0 0 23.9479 
1768 0 0 0.0264929 5206 0 0 0 23.9503 
1769 0 0 0.0118306 5206 0 0 0 23.9527 
1770 0 0 0.00493795 5206 0 0 0 23.9551 
1771 0 0 0 5206 0 0 0 23.9575 
1772 0 0 0 5206 0 0 0 23.9599 
1773 0 0 0.00361422 5206 0 0 0 23.9623 
1774 0 0 0.00494529 5206 0 0 0 23.9646 
1775 0 0 0.00167545 5206 0 0 0 23.967 
1776 0 0 0 5206 0 0 0 23.9694 
1777 0 0 0 5206 0 0 0 23.9717 
1778 0 0 0 5206 0 0 0 23.9741 
1779 0 0 0 5206 0 0 0 23.9764 
1780 0 0 0 5206 0 0 0 23.9788 
1781 0 0 0.00131081 5206 0 0 0 23.9811 
1782 0 0 0.00131738 5206 0 0 0 23.9834 
1783 0 0 0.00144391 5206 0 0 0 23.9858 
1784 0 0 0.00234314 5206 0 0 0 23.9881 
1785 0 0 0.00452338 5206 0 0 0 23.9904 
1786 0 0 0.00550105 5206 0 0 0 23.9927 
1787 0 0 0.00894093 5206 0 0 0 23.995 
1788 0 0 0.0131948 5206 0 0 0 23.9973 
1789 0 0 0.0274609 5206 0 0 0 23.9996 
1790 0 0 0.029012 5206 0 0 0 24.0019 
1791 0 0 0.0364137 5206 0 0 0 24.0042 
1792 0 0 0.02 5206 0 0 0 24.0064 
1793 0 0 0.0122199 5206 0 0 0 24.0087 
1794 0 0 0.0156629 5206 0 0 0 24.011 
1795 0 0 0.000938939 5206 0 0 0 24.0133 
1796 0 0 0 5206 0 0 0 24.0155 
1796.59 2.41087 0 0 5206 0 0 0 24.0178 
1798 0 0 0 5206 0 0 0 24.02 
1799 0 0 0 5206 0 0 0 24.0223 
1800 0 0 0 5206 0 0 0 24.0245 
1801 0 0 0 5206 0 0 0 24.0267 
1802 0 0 0 5206 0 0 0 24.029 
1803 0 0 0 5206 0 0 0 24.0312 
1804 0 0 0 5206 0 0 0 24.0334 
1805 0 0 0.00132525 5206 0 0 0 24.0356 
1806 0 0 0.00132348 5206 0 0 0 24.0378 
1807 0 0 0.00155973 5206 0 0 0 24.0401 
1808 0 0 0.00308334 5206 0 0 0 24.0423 
1809 0 0 0.00809783 5206 0 0 0 24.0444 
1810 0 0 0.00986766 5206 0 0 0 24.0466 
1811 0 0 0.0130237 5206 0 0 0 24.0488 
1812 0 0 0.0217923 5206 0 0 0 24.051 
1813 0 0 0.0156229 5206 0 0 0 24.0532 
1814 0 0 0.0149912 5206 0 0 0 24.0554 
1815 0 0 0.0183177 5206 0 0 0 24.0575 
1816 0 0 0.0154599 5206 0 0 0 24.0597 
1817 0 0 0.00897364 5206 0 0 0 24.0618 
1818 0 0 0.00954617 5206 0 0 0 24.064 
1819 0 0 0.00821123 5206 0 0 0 24.0661 
1820 0 0 0.00190643 5206 0 0 0 24.0683 
1821 0 0 0 5206 0 0 0 24.0704 
1822 0 0 0 5206 0 0 0 24.0726 
1823 0 0 0 5206 0 0 0 24.0747 
1824 0 0 0 5206 0 0 0 24.0768 
1825 0 0 0 5206 0 0 0 24.0789 
1826 0 0 0 5206 0 0 0 24.081 
1827 0 0 0 5206 0 0 0 24.0832 
1828 0 0 0 5206 0 0 0 24.0853 
1829 0 0 0.00166765 5206 0 0 0 24.0874 
1830 0 0 0.00164866 5206 0 0 0 24.0895 
1831 0 0 0.0027344 5206 0 0 0 24.0916 
1832 0 0 0.00731422 5206 0 0 0 24.0936 
1833 0 0 0.0148832 5206 0 0 0 24.0957 
1834 0 0 0.0226745 5206 0 0 0 24.0978 
1835 0 0 0.0320097 5206 0 0 0 24.0999 
1836 0 0 0.0386685 5206 0 0 0 24.1019 
1837 0 0 0.0435167 5206 0 0 0 24.104 
1838 0 0 0.0454644 5206 0 0 0 24.1061 
1839 0 0 0.0175037 5206 0 0 0 24.1081 
1840 0 0 0.0173016 5206 0 0 0 24.1102 
1841 0 0 0.0138137 5206 0 0 0 24.1122 
1842 0 0 0.0142986 5206 0 0 0 24.1143 
1843 0 0 0.00842656 5206 0 0 0 24.1163 
1844 0 0 0.00160955 5206 0 0 0 24.1183 
1845 0 0 0 5206 0 0 0 24.1204 
1846 0 0 0 5206 0 0 0 24.1224 
1847 0 0 0 5206 0 0 0 24.1244 
1848 0 0 0 5206 0 0 0 24.1264 
1849 0 0 0 5206 0 0 0 24.1284 
1850 0 0 0 5206 0 0 0 24.1304 
1851 0 0 0 5206 0 0 0 24.1324 
1852 0 0 0 5206 0 0 0 24.1344 
1853 0 0 0.00244775 5206 0 0 0 24.1364 
1854 0 0 0.00295168 5206 0 0 0 24.1384 
1855 0 0 0.00292558 5206 0 0 0 24.1404 
1856 0 0 0.00766136 5206 0 0 0 24.1424 
1857 0 0 0.0169901 5206 0 0 0 24.1443 
1858 0 0 0.025355 5206 0 0 0 24.1463 
1859 0 0 0.0334437 5206 0 0 0 24.1483 
1860 0 0 0.0401054 5206 0 0 0 24.1502 
1861 0 0 0.045809 5206 0 0 0 24.1522 
1862 0 0 0.0471969 5206 0 0 0 24.1542 
1863 0 0 0.0384551 5206 0 0 0 24.1561 
1864 0 0 0.0194774 5206 0 0 0 24.158 
1865 0 0 0.0188343 5206 0 0 0 24.16 
1866 0 0 0.0200347 5206 0 0 0 24.1619 
1867 0 0 0.0062731 5206 0 0 0 24.1639 
1867.59 2.41087 0 0.00193879 5206 0 0 0 24.1658 
1869 0 0 0 5206 0 0 0 24.1677 
1870 0 0 0 5206 0 0 0 24.1696 
1871 0 0 0 5206 0 0 0 24.1715 
1872 0 0 0 5206 0 0 0 24.1734 
1873 0 0 0 5206 0 0 0 24.1754 
1874 0 0 0 5206 0 0 0 24.1773 
1875 0 0 0 5206 0 0 0 24.1791 
1876 0 0 0 5206 0 0 0 24.181 
1877 0 0 0.00374038 5206 0 0 0 24.1829 
1878 0 0 0.0033026 5206 0 0 0 24.1848 
1879 0 0 0.00369707 5206 0 0 0 24.1867 
1880 0 0 0.00840228 5206 0 0 0 24.1886 
1881 0 0 0.0178892 5206 0 0 0 24.1904 
1882 0 0 0.0265334 5206 0 0 0 24.1923 
1883 0 0 0.0346504 5206 0 0 0 24.1942 
1884 0 0 0.0414247 5206 0 0 0 24.196 
1885 0 0 0.0462895 5206 0 0 0 24.1979 
1886 0 0 0.0489653 5206 0 0 0 24.1997 
1887 0 0 0.0463016 5206 0 0 0 24.2016 
1888 0 0 0.0391716 5206 0 0 0 24.2034 
1889 0 0 0.0314056 5206 0 0 0 24.2053 
1890 0 0 0.0221975 5206 0 0 0 24.2071 
1891 0 0 0.00643609 5206 0 0 0 24.2089 
1892 0 0 1.07e-005 5206 0 0 0 24.2108 
1893 0 0 0 5206 0 0 0 24.2126 
1894 0 0 0 5206 0 0 0 24.2144 
1895 0 0 0 5206 0 0 0 24.2162 
1896 0 0 0 5206 0 0 0 24.218 
1897 0 0 0 5206 0 0 0 24.2198 
1898 0 0 0 5206 0 0 0 24.2216 
1899 0 0 0 5206 0 0 0 24.2234 
1900 0 0 0 5206 0 0 0 24.2252 
1901 0 0 0.00196543 5206 0 0 0 24.227 
1902 0 0 0.00249314 5206 0 0 0 24.2288 
1903 0 0 0.00328054 5206 0 0 0 24.2306 
1904 0 0 0.00712681 5206 0 0 0 24.2324 
1905 0 0 0.0177807 5206 0 0 0 24.2341 
1906 0 0 0.0269195 5206 0 0 0 24.2359 
1907 0 0 0.0349442 5206 0 0 0 24.2377 
1908 0 0 0.0411928 5206 0 0 0 24.2394 
1909 0 0 0.0474611 5206 0 0 0 24.2412 
1910 0 0 0.0496503 5206 0 0 0 24.2429 
1911 0 0 0.0470591 5206 0 0 0 24.2447 
1912 0 0 0.0395951 5206 0 0 0 24.2464 
1913 0 0 0.0317421 5206 0 0 0 24.2482 
1914 0 0 0.0227865 5206 0 0 0 24.2499 
1915 0 0 0.00637909 5206 0 0 0 24.2517 
1916 0 0 0.000918789 5206 0 0 0 24.2534 
1917 0 0 0 5206 0 0 0 24.2551 
1917.59 2.41087 0 0 5206 0 0 0 24.2568 
1919 0 0 0 5206 0 0 0 24.2586 
1920 0 0 0 5206 0 0 0 24.2603 
1921 0 0 0 5206 0 0 0 24.262 
1922 0 0 0 5206 0 0 0 24.2637 
1923 0 0 0 5206 0 0 0 24.2654 
1924 0 0 0 5206 0 0 0 24.2671 
1925 0 0 0.00160044 5206 0 0 0 24.2688 
1926 0 0 0.00165782 5206 0 0 0 24.2705 
1927 0 0 0.00259567 5206 0 0 0 24.2722 
1928 0 0 0.00701821 5206 0 0 0 24.2739 
1929 0 0 0.0171762 5206 0 0 0 24.2755 
1930 0 0 0.0266083 5206 0 0 0 24.2772 
1931 0 0 0.0345805 5206 0 0 0 24.2789 
1932 0 0 0.0418459 5206 0 0 0 24.2806 
1933 0 0 0.0473587 5206 0 0 0 24.2822 
1934 0 0 0.0499205 5206 0 0 0 24.2839 
1935 0 0 0.0465936 5206 0 0 0 24.2855 
1936 0 0 0.0386399 5206 0 0 0 24.2872 
1937 0 0 0.0312525 5206 0 0 0 24.2889 
1938 0 0 0.0240299 5206 0 0 0 24.2905 
1939 0 0 0.0111847 5206 0 0 0 24.2921 
1940 0 0 0.00524566 5206 0 0 0 24.2938 
1941 0 0 0.00195262 5206 0 0 0 24.2954 
1942 0 0 0.00202024 5206 0 0 0 24.297 
1943 0 0 0.000786832 5206 0 0 0 24.2987 
1944 0 0 0 5206 0 0 0 24.3003 
1945 0 0 0 5206 0 0 0 24.3019 
1946 0 0 0 5206 0 0 0 24.3035 
1947 0 0 0 5206 0 0 0 24.3052 
1948 0 0 0 5206 0 0 0 24.3068 
1949 0 0 0.00162882 5206 0 0 0 24.3084 
1950 0 0 0.00178503 5206 0 0 0 24.31 
1951 0 0 0.00288178 5206 0 0 0 24.3116 
1952 0 0 0.00709954 5206 0 0 0 24.3132 
1953 0 0 0.0171174 5206 0 0 0 24.3148 
1954 0 0 0.0263739 5206 0 0 0 24.3164 
1954.59 2.41087 0 0.0343501 5206 0 0 0 24.3179 
1956 0 0 0.0414312 5206 0 0 0 24.3195 
1957 0 0 0.0469334 5206 0 0 0 24.3211 
1958 0 0 0.0488258 5206 0 0 0 24.3227 
1959 0 0 0.0469087 5206 0 0 0 24.3242 
1960 0 0 0.0407915 5206 0 0 0 24.3258 
1961 0 0 0.0339561 5206 0 0 0 24.3274 
1962 0 0 0.0261731 5206 0 0 0 24.3289 
1963 0 0 0.0126225 5206 0 0 0 24.3305 
1964 0 0 0.00599072 5206 0 0 0 24.332 
1965 0 0 0.00161036 5206 0 0 0 24.3336 
1966 0 0 0.0021362 5206 0 0 0 24.3351 
1967 0 0 0.00261453 5206 0 0 0 24.3367 
1968 0 0 0.000206397 5206 0 0 0 24.3382 
1969 0 0 0 5206 0 0 0 24.3398 
1970 0 0 0 5206 0 0 0 24.3413 
1971 0 0 0 5206 0 0 0 24.3428 
1972 0 0 0 5206 0 0 0 24.3444 
1973 0 0 0.0020307 5206 0 0 0 24.3459 
1974 0 0 0.00168446 5206 0 0 0 24.3474 
1975 0 0 0.00228192 5206 0 0 0 24.3489 
1976 0 0 0.00682616 5206 0 0 0 24.3504 
1977 0 0 0.0168532 5206 0 0 0 24.3519 
1978 0 0 0.0258728 5206 0 0 0 24.3534 
1979 0 0 0.0339077 5206 0 0 0 24.3549 
1980 0 0 0.040711 5206 0 0 0 24.3564 
1981 0 0 0.0463797 5206 0 0 0 24.3579 
1982 0 0 0.0489842 5206 0 0 0 24.3594 
1983 0 0 0.0467483 5206 0 0 0 24.3609 
1984 0 0 0.0401032 5206 0 0 0 24.3624 
1985 0 0 0.0326387 5206 0 0 0 24.3639 
1986 0 0 0.0247399 5206 0 0 0 24.3654 
1987 0 0 0.0107201 5206 0 0 0 24.3668 
1988 0 0 0.00225843 5206 0 0 0 24.3683 
1989 0 0 0.000694962 5206 0 0 0 24.3698 
1989.59 2.41087 0 0.00263033 5206 0 0 0 24.3712 
1991 0 0 0.00207287 5206 0 0 0 24.3727 
1992 0 0 0.00264718 5206 0 0 0 24.3741 
1993 0 0 0.00178317 5206 0 0 0 24.3756 
1994 0 0 0 5206 0 0 0 24.3771 
1995 0 0 0 5206 0 0 0 24.3785 
1996 0 0 0 5206 0 0 0 24.3799 
1997 0 0 0.00146929 5206 0 0 0 24.3814 
1998 0 0 0.00163562 5206 0 0 0 24.3828 
1999 0 0 0.00220695 5206 0 0 0 24.3843 
2000 0 0 0.00607885 5206 0 0 0 24.3857 
2001 0 0 0.0158952 5206 0 0 0 24.3871 
2002 0 0 0.0245159 5206 0 0 0 24.3885 
2003 0 0 0.0325969 5206 0 0 0 24.39 
2004 0 0 0.0398259 5206 0 0 0 24.3914 
2005 0 0 0.0455924 5206 0 0 0 24.3928 
2006 0 0 0.0479059 5206 0 0 0 24.3942 
2007 0 0 0.0474187 5206 0 0 0 24.3956 
2008 0 0 0.0366309 5206 0 0 0 24.397 
2009 0 0 0.0172539 5206 0 0 0 24.3984 
2010 0 0 0.0112759 5206 0 0 0 24.3998 
2011 0 0 0.00300205 5206 0 0 0 24.4012 
2012 0 0 0.00263312 5206 0 0 0 24.4026 
2013 0 0 0.000367602 5206 0 0 0 24.404 
2014 0 0 0 5206 0 0 0 24.4054 
2015 0 0 0 5206 0 0 0 24.4068 
2016 0 0 0 5206 0 0 0 24.4082 
2017 0 0 0 5206 0 0 0 24.4095 
2018 0 0 0 5206 0 0 0 24.4109 
2019 0 0 0 5206 0 0 0 24.4123 
2020 0 0 0 5206 0 0 0 24.4137 
2021 0 0 0.00146133 5206 0 0 0 24.415 
2022 0 0 0.00147202 5206 0 0 0 24.4164 
2023 0 0 0.00216774 5206 0 0 0 24.4177 
2024 0 0 0.00588452 5206 0 0 0 24.4191 
2025 0 0 0.0160623 5206 0 0 0 24.4205 
2026 0 0 0.0250046 5206 0 0 0 24.4218 
2027 0 0 0.0335189 5206 0 0 0 24.4232 
2028 0 0 0.0409334 5206 0 0 0 24.4245 
2029 0 0 0.0465482 5206 0 0 0 24.4258 
2030 0 0 0.0497407 5206 0 0 0 24.4272 
2031 0 0 0.0212994 5206 0 0 0 24.4285 
2032 0 0 0.0346547 5206 0 0 0 24.4298 
2033 0 0 0.0232351 5206 0 0 0 24.4312 
2034 0 0 0.00740647 5206 0 0 0 24.4325 
2035 0 0 0.00298059 5206 0 0 0 24.4338 
2036 0 0 0 5206 0 0 0 24.4351 
2037 0 0 0 5206 0 0 0 24.4365 
2038 0 0 0 5206 0 0 0 24.4378 
2039 0 0 0 5206 0 0 0 24.4391 
2040 0 0 0 5206 0 0 0 24.4404 
2041 0 0 0 5206 0 0 0 24.4417 
2042 0 0 0 5206 0 0 0 24.443 
2043 0 0 0 5206 0 0 0 24.4443 
2044 0 0 0 5206 0 0 0 24.4456 
2045 0 0 0.0015202 5206 0 0 0 24.4469 
2046 0 0 0.00196661 5206 0 0 0 24.4482 
2047 0 0 0.00213489 5206 0 0 0 24.4494 
2048 0 0 0.00676057 5206 0 0 0 24.4507 
2048.59 2.41087 0 0.0172605 5206 0 0 0 24.452 
2050 0 0 0.0280156 5206 0 0 0 24.4533 
2051 0 0 0.0348072 5206 0 0 0 24.4546 
2052 0 0 0.0419122 5206 0 0 0 24.4558 
2053 0 0 0.0470717 5206 0 0 0 24.4571 
2054 0 0 0.0486686 5206 0 0 0 24.4584 
2055 0 0 0.0458555 5206 0 0 0 24.4596 
2056 0 0 0.0425527 5206 0 0 0 24.4609 
2057 0 0 0.0336152 5206 0 0 0 24.4622 
2058 0 0 0.022585 5206 0 0 0 24.4634 
2059 0 0 0.00629819 5206 0 0 0 24.4647 
2060 0 0 0 5206 0 0 0 24.4659 
2061 0 0 0 5206 0 0 0 24.4672 
2062 0 0 0 5206 0 0 0 24.4684 
2063 0 0 0 5206 0 0 0 24.4696 
2064 0 0 0 5206 0 0 0 24.4709 
2065 0 0 0 5206 0 0 0 24.4721 
2066 0 0 0 5206 0 0 0 24.4733 
2067 0 0 0 5206 0 0 0 24.4746 
2068 0 0 0 5206 0 0 0 24.4758 
2069 0 0 0.00203245 5206 0 0 0 24.477 
2070 0 0 0.00163144 5206 0 0 0 24.4782 
2071 0 0 0.00233278 5206 0 0 0 24.4795 
2072 0 0 0.00610438 5206 0 0 0 24.4807 
2073 0 0 0.0166949 5206 0 0 0 24.4819 
2074 0 0 0.026281 5206 0 0 0 24.4831 
2075 0 0 0.0350834 5206 0 0 0 24.4843 
2076 0 0 0.0415497 5206 0 0 0 24.4855 
2077 0 0 0.0469349 5206 0 0 0 24.4867 
2078 0 0 0.0504715 5206 0 0 0 24.4879 
2079 0 0 0.0508007 5206 0 0 0 24.4891 
2080 0 0 0.0415577 5206 0 0 0 24.4903 
2081 0 0 0.0245174 5206 0 0 0 24.4915 
2082 0 0 0.0223567 5206 0 0 0 24.4927 
2083 0 0 0.00706155 5206 0 0 0 24.4939 
2084 0 0 0.00047964 5206 0 0 0 24.495 
2085 0 0 0 5206 0 0 0 24.4962 
2085.59 2.41087 0 0 5206 0 0 0 24.4974 
2087 0 0 0 5206 0 0 0 24.4986 
2088 0 0 0 5206 0 0 0 24.4997 
2089 0 0 0 5206 0 0 0 24.5009 
2090 0 0 0 5206 0 0 0 24.5021 
2091 0 0 0 5206 0 0 0 24.5032 
2092 0 0 0 5206 0 0 0 24.5044 
2093 0 0 0.00272486 5206 0 0 0 24.5056 
2094 0 0 0.00233966 5206 0 0 0 24.5067 
2095 0 0 0.00218771 5206 0 0 0 24.5079 
2096 0 0 0.00567773 5206 0 0 0 24.509 
2097 0 0 0.0167509 5206 0 0 0 24.5102 
2098 0 0 0.0262427 5206 0 0 0 24.5113 
2099 0 0 0.0350317 5206 0 0 0 24.5125 
2100 0 0 0.042201 5206 0 0 0 24.5136 
2101 0 0 0.0477541 5206 0 0 0 24.5147 
2102 0 0 0.0490239 5206 0 0 0 24.5159 
2103 0 0 0.0466164 5206 0 0 0 24.517 
2104 0 0 0.0406197 5206 0 0 0 24.5181 
2105 0 0 0.0330931 5206 0 0 0 24.5193 
2106 0 0 0.0246411 5206 0 0 0 24.5204 
2107 0 0 0.00930775 5206 0 0 0 24.5215 
2108 0 0 3.79e-005 5206 0 0 0 24.5226 
2109 0 0 0 5206 0 0 0 24.5237 
2109.59 2.41087 0 0 5206 0 0 0 24.5249 
2111 0 0 0 5206 0 0 0 24.526 
2112 0 0 0 5206 0 0 0 24.5271 
2113 0 0 0 5206 0 0 0 24.5282 
2114 0 0 0 5206 0 0 0 24.5293 
2115 0 0 0 5206 0 0 0 24.5304 
2116 0 0 0 5206 0 0 0 24.5315 
2117 0 0 0.00181931 5206 0 0 0 24.5326 
2118 0 0 0.0017002 5206 0 0 0 24.5337 
2119 0 0 0.00202428 5206 0 0 0 24.5348 
2120 0 0 0.0053703 5206 0 0 0 24.5359 
2121 0 0 0.0166537 5206 0 0 0 24.5369 
2122 0 0 0.0252676 5206 0 0 0 24.538 
2123 0 0 0.0358637 5206 0 0 0 24.5391 
2124 0 0 0.042575 5206 0 0 0 24.5402 
2125 0 0 0.0492278 5206 0 0 0 24.5413 
2126 0 0 0.0515518 5206 0 0 0 24.5423 
2127 0 0 0.0481213 5206 0 0 0 24.5434 
2128 0 0 0.0412063 5206 0 0 0 24.5445 
2129 0 0 0.0338984 5206 0 0 0 24.5455 
2130 0 0 0.0256219 5206 0 0 0 24.5466 
2131 0 0 0.0116071 5206 0 0 0 24.5477 
2132 0 0 0.00566734 5206 0 0 0 24.5487 
2133 0 0 0.0021957 5206 0 0 0 24.5498 
2134 0 0 0.00366559 5206 0 0 0 24.5508 
2135 0 0 0.00302379 5206 0 0 0 24.5519 
2136 0 0 0 5206 0 0 0 24.5529 
2137 0 0 0 5206 0 0 0 24.554 
2138 0 0 0 5206 0 0 0 24.555 
2139 0 0 0 5206 0 0 0 24.5561 
2140 0 0 0 5206 0 0 0 24.5571 
2141 0 0 0.00153496 5206 0 0 0 24.5581 
2142 0 0 0.00154216 5206 0 0 0 24.5592 
2143 0 0 0.00244756 5206 0 0 0 24.5602 
2144 0 0 0.00606307 5206 0 0 0 24.5612 
2145 0 0 0.0161708 5206 0 0 0 24.5623 
2146 0 0 0.0259805 5206 0 0 0 24.5633 
2147 0 0 0.0343025 5206 0 0 0 24.5643 
2148 0 0 0.0417808 5206 0 0 0 24.5653 
2149 0 0 0.0481922 5206 0 0 0 24.5664 
2150 0 0 0.0505766 5206 0 0 0 24.5674 
2151 0 0 0.0473784 5206 0 0 0 24.5684 
2152 0 0 0.0388979 5206 0 0 0 24.5694 
2153 0 0 0.024904 5206 0 0 0 24.5704 
2154 0 0 0.0228998 5206 0 0 0 24.5714 
2155 0 0 0.00711168 5206 0 0 0 24.5724 
2156 0 0 0.00389935 5206 0 0 0 24.5734 
2157 0 0 0 5206 0 0 0 24.5744 
2158 0 0 0 5206 0 0 0 24.5754 
2158.59 2.41087 0 0 5206 0 0 0 24.5764 
2160 0 0 0 5206 0 0 0 24.5774 
2161 0 0 0 5206 0 0 0 24.5784 
2162 0 0 0 5206 0 0 0 24.5794 
2163 0 0 0 5206 0 0 0 24.5804 
2164 0 0 0 5206 0 0 0 24.5814 
2165 0 0 0.00240466 5206 0 0 0 24.5823 
2166 0 0 0.00197184 5206 0 0 0 24.5833 
2167 0 0 0.00201912 5206 0 0 0 24.5843 
2168 0 0 0.00569827 5206 0 0 0 24.5853 
2169 0 0 0.0153601 5206 0 0 0 24.5862 
2170 0 0 0.0258927 5206 0 0 0 24.5872 
2171 0 0 0.0360581 5206 0 0 0 24.5882 
2172 0 0 0.0419238 5206 0 0 0 24.5891 
2173 0 0 0.0468366 5206 0 0 0 24.5901 
2174 0 0 0.0476103 5206 0 0 0 24.5911 
2175 0 0 0.0460189 5206 0 0 0 24.592 
2176 0 0 0.0411067 5206 0 0 0 24.593 
2177 0 0 0.0330346 5206 0 0 0 24.5939 
2178 0 0 0.0227899 5206 0 0 0 24.5949 
2179 0 0 0.00930706 5206 0 0 0 24.5958 
2180 0 0 0.00337807 5206 0 0 0 24.5968 
2181 0 0 0.00198526 5206 0 0 0 24.5977 
2182 0 0 0.00282407 5206 0 0 0 24.5987 
2183 0 0 0.00371479 5206 0 0 0 24.5996 
2184 0 0 0.00341484 5206 0 0 0 24.6006 
2185 0 0 0.0024785 5206 0 0 0 24.6015 
2186 0 0 0.00193347 5206 0 0 0 24.6024 
2187 0 0 0.000490251 5206 0 0 0 24.6034 
2188 0 0 0 5206 0 0 0 24.6043 
2189 0 0 0.00538279 5206 0 0 0 24.6052 
2190 0 0 0.00419045 5206 0 0 0 24.6061 
2191 0 0 0.0034301 5206 0 0 0 24.6071 
2192 0 0 0.0029551 5206 0 0 0 24.608 
2193 0 0 0.00455444 5206 0 0 0 24.6089 
2194 0 0 0.00549782 5206 0 0 0 24.6098 
2195 0 0 0.00908252 5206 0 0 0 24.6107 
2196 0 0 0.0131673 5206 0 0 0 24.6117 
2197 0 0 0.0258253 5206 0 0 0 24.6126 
2198 0 0 0.0358423 5206 0 0 0 24.6135 
2199 0 0 0.0200071 5206 0 0 0 24.6144 
2200 0 0 0.0159508 5206 0 0 0 24.6153 
2201 0 0 0.0172962 5206 0 0 0 24.6162 
2202 0 0 0.00942848 5206 0 0 0 24.6171 
2203 0 0 0.0019483 5206 0 0 0 24.618 
2204 0 0 0 5206 0 0 0 24.6189 
2205 0 0 0 5206 0 0 0 24.6198 
2206 0 0 0 5206 0 0 0 24.6207 
2207 0 0 0 5206 0 0 0 24.6216 
2208 0 0 0 5206 0 0 0 24.6225 
2209 0 0 0 5206 0 0 0 24.6233 
2210 0 0 0 5206 0 0 0 24.6242 
2211 0 0 0 5206 0 0 0 24.6251 
2212 0 0 0 5206 0 0 0 24.626 
2213 0 0 0.00155234 5206 0 0 0 24.6269 
2214 0 0 0.00158292 5206 0 0 0 24.6277 
2215 0 0 0.00181406 5206 0 0 0 24.6286 
2216 0 0 0.00491421 5206 0 0 0 24.6295 
2217 0 0 0.0147534 5206 0 0 0 24.6304 
2217.59 2.41087 0 0.0225463 5206 0 0 0 24.6312 
2219 0 0 0.0315519 5206 0 0 0 24.6321 
2220 0 0 0.0378161 5206 0 0 0 24.633 
2221 0 0 0.0439392 5206 0 0 0 24.6338 
2222 0 0 0.039785 5206 0 0 0 24.6347 
2223 0 0 0.042466 5206 0 0 0 24.6355 
2224 0 0 0.0359898 5206 0 0 0 24.6364 
2225 0 0 0.0282499 5206 0 0 0 24.6373 
2226 0 0 0.0128725 5206 0 0 0 24.6381 
2227 0 0 0.00486081 5206 0 0 0 24.639 
2228 0 0 0.00151937 5206 0 0 0 24.6398 
2229 0 0 0 5206 0 0 0 24.6406 
2230 0 0 0 5206 0 0 0 24.6415 
2231 0 0 0 5206 0 0 0 24.6423 
2232 0 0 0 5206 0 0 0 24.6432 
2233 0 0 0 5206 0 0 0 24.644 
2234 0 0 0 5206 0 0 0 24.6449 
2235 0 0 0 5206 0 0 0 24.6457 
2236 0 0 0 5206 0 0 0 24.6465 
2237 0 0 0.00155234 5206 0 0 0 24.6474 
2238 0 0 0.00158292 5206 0 0 0 24.6482 
2239 0 0 0.00181406 5206 0 0 0 24.649 
2240 0 0 0.00491421 5206 0 0 0 24.6498 
2241 0 0 0.0147534 5206 0 0 0 24.6507 
2242 0 0 0.0225463 5206 0 0 0 24.6515 
2243 0 0 0.0315519 5206 0 0 0 24.6523 
2244 0 0 0.0378161 5206 0 0 0 24.6531 
2245 0 0 0.0439392 5206 0 0 0 24.6539 
2246 0 0 0.039785 5206 0 0 0 24.6547 
2247 0 0 0.042466 5206 0 0 0 24.6556 
2248 0 0 0.0359898 5206 0 0 0 24.6564 
2249 0 0 0.0282499 5206 0 0 0 24.6572 
2250 0 0 0.0128725 5206 0 0 0 24.658 
2251 0 0 0.00486081 5206 0 0 0 24.6588 
2252 0 0 0.00151937 5206 0 0 0 24.6596 
2253 0 0 0 5206 0 0 0 24.6604 
2254 0 0 0 5206 0 0 0 24.6612 
2255 0 0 0 5206 0 0 0 24.662 
2256 0 0 0 5206 0 0 0 24.6628 
end*** END OF INPUT 5206 'ATMOSPH.IN' ********************************** 
