Pcp_File_Version=4
      1
Welcome to HYDRUS-1D
  
   NOBB     MIT iWeight
   1529       0       0
  lWatF  lChemF    NMat   lTempF
      t       f       1       f
  Model   Hysteresis
      0       0
    thr     ths    Alfa       n         Ks       l
 0.0312  0.3379  0.0201  1.4245    1.33708     0.5 
      1       0       1       1          1       0 
      0    0.25   0.001     1.1        0.1       0 
   0.15    0.45     0.3       4        100       0 
      HO(N)         FOS   ITYPE(N) POS     WTS
         721     0.093446     2     1        1 
         722    0.0929253     2     1        1 
         723    0.0922626     2     1        1 
         724    0.0915373     2     1        1 
         725    0.0913163     2     1        1 
         726    0.0910159     2     1        1 
         727    0.0907153     2     1        1 
         728    0.0915031     2     1        1 
         729    0.0945123     2     1        1 
         730    0.0978702     2     1        1 
         731      0.10028     2     1        1 
         732     0.101145     2     1        1 
         733     0.100752     2     1        1 
         734     0.101743     2     1        1 
         735    0.0955996     2     1        1 
         736    0.0941946     2     1        1 
         737    0.0947786     2     1        1 
         738    0.0931683     2     1        1 
         739    0.0909103     2     1        1 
         740     0.199507     2     1        1 
         741     0.217309     2     1        1 
         742     0.202653     2     1        1 
         743     0.196342     2     1        1 
         744     0.191851     2     1        1 
         745     0.188416     2     1        1 
         746      0.18547     2     1        1 
         747     0.183299     2     1        1 
         748     0.181619     2     1        1 
         749     0.179999     2     1        1 
         750     0.178878     2     1        1 
         751     0.177332     2     1        1 
         752     0.176414     2     1        1 
         753      0.17549     2     1        1 
         754     0.175041     2     1        1 
         755     0.172472     2     1        1 
         756      0.16755     2     1        1 
         757     0.162284     2     1        1 
         758     0.157151     2     1        1 
         759     0.156519     2     1        1 
         760     0.150675     2     1        1 
         761     0.148138     2     1        1 
         762     0.148208     2     1        1 
         763     0.144534     2     1        1 
         764     0.140217     2     1        1 
         765     0.137664     2     1        1 
         766      0.13589     2     1        1 
         767     0.134399     2     1        1 
         768     0.133474     2     1        1 
         769     0.132836     2     1        1 
         770     0.132267     2     1        1 
         771     0.132052     2     1        1 
         772     0.131625     2     1        1 
         773     0.130986     2     1        1 
         774     0.130417     2     1        1 
         775     0.129992     2     1        1 
         776     0.130842     2     1        1 
         777     0.132762     2     1        1 
         778     0.134753     2     1        1 
         779     0.178389     2     1        1 
         780     0.221771     2     1        1 
         781     0.209707     2     1        1 
         782     0.203117     2     1        1 
         783     0.197579     2     1        1 
         784     0.194065     2     1        1 
         785     0.185668     2     1        1 
         786     0.178145     2     1        1 
         787     0.172788     2     1        1 
         788     0.168621     2     1        1 
         789     0.165574     2     1        1 
         790     0.164012     2     1        1 
         791     0.163088     2     1        1 
         792      0.16266     2     1        1 
         793     0.161451     2     1        1 
         794      0.16088     2     1        1 
         795     0.160594     2     1        1 
         796     0.160308     2     1        1 
         797     0.159809     2     1        1 
         798     0.159025     2     1        1 
         799     0.158311     2     1        1 
         800     0.158881     2     1        1 
         801     0.159803     2     1        1 
         802     0.159309     2     1        1 
         803     0.156746     2     1        1 
         804     0.151104     2     1        1 
         805     0.145797     2     1        1 
         806     0.141703     2     1        1 
         807     0.138115     2     1        1 
         808     0.134165     2     1        1 
         809     0.129558     2     1        1 
         810     0.123286     2     1        1 
         811     0.121464     2     1        1 
         812     0.118647     2     1        1 
         813     0.116975     2     1        1 
         814     0.115236     2     1        1 
         815     0.114437     2     1        1 
         816     0.113921     2     1        1 
         817     0.112619     2     1        1 
         818     0.112322     2     1        1 
         819     0.112167     2     1        1 
         820     0.112011     2     1        1 
         821     0.111005     2     1        1 
         822     0.110488     2     1        1 
         823     0.109765     2     1        1 
         824     0.140073     2     1        1 
         825      0.21576     2     1        1 
         826      0.20269     2     1        1 
         827     0.195419     2     1        1 
         828     0.188172     2     1        1 
         829     0.181057     2     1        1 
         830     0.175338     2     1        1 
         831     0.169681     2     1        1 
         832     0.163519     2     1        1 
         833     0.155488     2     1        1 
         834     0.146853     2     1        1 
         835     0.138748     2     1        1 
         836     0.131964     2     1        1 
         837     0.127478     2     1        1 
         838     0.125018     2     1        1 
         839     0.123351     2     1        1 
         840      0.12298     2     1        1 
         841     0.122249     2     1        1 
         842      0.12059     2     1        1 
         843     0.119586     2     1        1 
         844     0.118712     2     1        1 
         845     0.118056     2     1        1 
         846     0.117335     2     1        1 
         847     0.116962     2     1        1 
         848     0.117026     2     1        1 
         849     0.119537     2     1        1 
         850     0.121776     2     1        1 
         851      0.12216     2     1        1 
         852     0.119214     2     1        1 
         853     0.116768     2     1        1 
         854     0.115558     2     1        1 
         855     0.116073     2     1        1 
         856     0.117243     2     1        1 
         857     0.116741     2     1        1 
         858     0.114051     2     1        1 
         859     0.109141     2     1        1 
         860     0.104274     2     1        1 
         861     0.100405     2     1        1 
         862     0.189678     2     1        1 
         863     0.200122     2     1        1 
         864     0.191814     2     1        1 
         865     0.186679     2     1        1 
         866     0.182739     2     1        1 
         867     0.179707     2     1        1 
         868      0.17724     2     1        1 
         869     0.174982     2     1        1 
         870     0.173003     2     1        1 
         871     0.171519     2     1        1 
         872     0.170388     2     1        1 
         873     0.170317     2     1        1 
         874     0.169038     2     1        1 
         875     0.166203     2     1        1 
         876     0.158916     2     1        1 
         877     0.151264     2     1        1 
         878     0.144947     2     1        1 
         879     0.139466     2     1        1 
         880     0.135173     2     1        1 
         881     0.130699     2     1        1 
         882     0.123547     2     1        1 
         883     0.117247     2     1        1 
         884     0.116958     2     1        1 
         885     0.210907     2     1        1 
         886      0.19857     2     1        1 
         887     0.191702     2     1        1 
         888     0.186934     2     1        1 
         889     0.183141     2     1        1 
         890     0.180047     2     1        1 
         891     0.177371     2     1        1 
         892     0.175045     2     1        1 
         893     0.173068     2     1        1 
         894     0.171585     2     1        1 
         895     0.170101     2     1        1 
         896     0.169112     2     1        1 
         897     0.169039     2     1        1 
         898     0.167339     2     1        1 
         899     0.163163     2     1        1 
         900     0.154736     2     1        1 
         901     0.146577     2     1        1 
         902     0.139387     2     1        1 
         903     0.133166     2     1        1 
         904     0.127125     2     1        1 
         905     0.121689     2     1        1 
         906     0.117258     2     1        1 
         907     0.113783     2     1        1 
         908      0.17954     2     1        1 
         909     0.204033     2     1        1 
         910     0.195347     2     1        1 
         911     0.190093     2     1        1 
         912     0.185879     2     1        1 
         913     0.182502     2     1        1 
         914     0.179826     2     1        1 
         915     0.177573     2     1        1 
         916     0.175599     2     1        1 
         917     0.173907     2     1        1 
         918     0.172286     2     1        1 
         919     0.170945     2     1        1 
         920     0.170238     2     1        1 
         921     0.169248     2     1        1 
         922      0.16741     2     1        1 
         923     0.162598     2     1        1 
         924     0.156296     2     1        1 
         925     0.149202     2     1        1 
         926     0.142299     2     1        1 
         927     0.134938     2     1        1 
         928     0.127617     2     1        1 
         929     0.122716     2     1        1 
         930     0.121265     2     1        1 
         931     0.119585     2     1        1 
         932     0.117071     2     1        1 
         933     0.116059     2     1        1 
         934     0.114622     2     1        1 
         935      0.11375     2     1        1 
         936     0.113391     2     1        1 
         937     0.112813     2     1        1 
         938     0.112159     2     1        1 
         939     0.111581     2     1        1 
         940     0.110862     2     1        1 
         941     0.110567     2     1        1 
         942      0.11013     2     1        1 
         943      0.10905     2     1        1 
         944     0.109694     2     1        1 
         945     0.112125     2     1        1 
         946     0.114361     2     1        1 
         947     0.115647     2     1        1 
         948     0.113618     2     1        1 
         949     0.112669     2     1        1 
         950     0.112297     2     1        1 
         951     0.113093     2     1        1 
         952     0.113913     2     1        1 
         953     0.113377     2     1        1 
         954     0.109814     2     1        1 
         955     0.105421     2     1        1 
         956     0.205032     2     1        1 
         957     0.198719     2     1        1 
         958     0.191713     2     1        1 
         959     0.187085     2     1        1 
         960     0.182379     2     1        1 
         961     0.179213     2     1        1 
         962     0.176673     2     1        1 
         963     0.174345     2     1        1 
         964     0.172296     2     1        1 
         965      0.17166     2     1        1 
         966     0.181466     2     1        1 
         967     0.195185     2     1        1 
         968     0.219717     2     1        1 
         969     0.215643     2     1        1 
         970     0.209807     2     1        1 
         971     0.203402     2     1        1 
         972     0.198403     2     1        1 
         973     0.192705     2     1        1 
         974     0.186446     2     1        1 
         975     0.180874     2     1        1 
         976     0.174583     2     1        1 
         977     0.165283     2     1        1 
         978     0.159625     2     1        1 
         979     0.154799     2     1        1 
         980     0.151597     2     1        1 
         981     0.148816     2     1        1 
         982      0.14739     2     1        1 
         983     0.146601     2     1        1 
         984     0.145168     2     1        1 
         985     0.145026     2     1        1 
         986     0.146095     2     1        1 
         987      0.14809     2     1        1 
         988     0.153155     2     1        1 
         989     0.153234     2     1        1 
         990     0.153234     2     1        1 
         991     0.152242     2     1        1 
         992      0.15146     2     1        1 
         993       0.1516     2     1        1 
         994     0.151453     2     1        1 
         995     0.148813     2     1        1 
         996     0.142759     2     1        1 
         997     0.137689     2     1        1 
         998     0.133817     2     1        1 
         999     0.130936     2     1        1 
        1000     0.127715     2     1        1 
        1001     0.124899     2     1        1 
        1002      0.12051     2     1        1 
        1003     0.114131     2     1        1 
        1004     0.111293     2     1        1 
        1005     0.108397     2     1        1 
        1006     0.106659     2     1        1 
        1007      0.10528     2     1        1 
        1008     0.104275     2     1        1 
        1009     0.103681     2     1        1 
        1010     0.103178     2     1        1 
        1011     0.102944     2     1        1 
        1012     0.102725     2     1        1 
        1013     0.102002     2     1        1 
        1014     0.101499     2     1        1 
        1015     0.101343     2     1        1 
        1016     0.102208     2     1        1 
        1017     0.104219     2     1        1 
        1018     0.105664     2     1        1 
        1019     0.156774     2     1        1 
        1020     0.209771     2     1        1 
        1021     0.196608     2     1        1 
        1022     0.188188     2     1        1 
        1023     0.180533     2     1        1 
        1024     0.173347     2     1        1 
        1025     0.165574     2     1        1 
        1026     0.157277     2     1        1 
        1027     0.151586     2     1        1 
        1028     0.148094     2     1        1 
        1029     0.145889     2     1        1 
        1030      0.14446     2     1        1 
        1031     0.143317     2     1        1 
        1032     0.142316     2     1        1 
        1033     0.141168     2     1        1 
        1034     0.139956     2     1        1 
        1035     0.138885     2     1        1 
        1036     0.138449     2     1        1 
        1037      0.13795     2     1        1 
        1038     0.137808     2     1        1 
        1039     0.137667     2     1        1 
        1040     0.137525     2     1        1 
        1041     0.137309     2     1        1 
        1042     0.136669     2     1        1 
        1043     0.136386     2     1        1 
        1044      0.13617     2     1        1 
        1045     0.132434     2     1        1 
        1046     0.126758     2     1        1 
        1047     0.123947     2     1        1 
        1048     0.122814     2     1        1 
        1049     0.121511     2     1        1 
        1050     0.118184     2     1        1 
        1051     0.114295     2     1        1 
        1052     0.110301     2     1        1 
        1053     0.106826     2     1        1 
        1054     0.105151     2     1        1 
        1055     0.104133     2     1        1 
        1056     0.103256     2     1        1 
        1057     0.103022     2     1        1 
        1058     0.102378     2     1        1 
        1059     0.101875     2     1        1 
        1060     0.101499     2     1        1 
        1061      0.10128     2     1        1 
        1062     0.100699     2     1        1 
        1063     0.100621     2     1        1 
        1064     0.139075     2     1        1 
        1065     0.210124     2     1        1 
        1066     0.195853     2     1        1 
        1067     0.187485     2     1        1 
        1068     0.180655     2     1        1 
        1069     0.173955     2     1        1 
        1070     0.165906     2     1        1 
        1071      0.15792     2     1        1 
        1072     0.150983     2     1        1 
        1073     0.141382     2     1        1 
        1074     0.130441     2     1        1 
        1075     0.127854     2     1        1 
        1076     0.125985     2     1        1 
        1077     0.124688     2     1        1 
        1078     0.123524     2     1        1 
        1079     0.121933     2     1        1 
        1080     0.120565     2     1        1 
        1081     0.119405     2     1        1 
        1082     0.118253     2     1        1 
        1083     0.116883     2     1        1 
        1084     0.115938     2     1        1 
        1085     0.115503     2     1        1 
        1086     0.114926     2     1        1 
        1087     0.115057     2     1        1 
        1088     0.114829     2     1        1 
        1089     0.115897     2     1        1 
        1090     0.116028     2     1        1 
        1091     0.116137     2     1        1 
        1092     0.114185     2     1        1 
        1093     0.113389     2     1        1 
        1094     0.112745     2     1        1 
        1095     0.111883     2     1        1 
        1096      0.11016     2     1        1 
        1097     0.107483     2     1        1 
        1098     0.105461     2     1        1 
        1099     0.103721     2     1        1 
        1100     0.102122     2     1        1 
        1101      0.10108     2     1        1 
        1102      0.10539     2     1        1 
        1103     0.108291     2     1        1 
        1104      0.10816     2     1        1 
        1105     0.109021     2     1        1 
        1106     0.108945     2     1        1 
        1107     0.108225     2     1        1 
        1108     0.107779     2     1        1 
        1109     0.106623     2     1        1 
        1110     0.105892     2     1        1 
        1111      0.10516     2     1        1 
        1112     0.104416     2     1        1 
        1113      0.10716     2     1        1 
        1114     0.175516     2     1        1 
        1115     0.208338     2     1        1 
        1116     0.197719     2     1        1 
        1117     0.189567     2     1        1 
        1118     0.182883     2     1        1 
        1119     0.176392     2     1        1 
        1120     0.168406     2     1        1 
        1121     0.159529     2     1        1 
        1122     0.155753     2     1        1 
        1123       0.1569     2     1        1 
        1124     0.153049     2     1        1 
        1125     0.151045     2     1        1 
        1126     0.149185     2     1        1 
        1127     0.147538     2     1        1 
        1128     0.146388     2     1        1 
        1129     0.145027     2     1        1 
        1130     0.143949     2     1        1 
        1131     0.143087     2     1        1 
        1132     0.142082     2     1        1 
        1133     0.141076     2     1        1 
        1134     0.140637     2     1        1 
        1135     0.139772     2     1        1 
        1136     0.139839     2     1        1 
        1137     0.140838     2     1        1 
        1138     0.140673     2     1        1 
        1139     0.137631     2     1        1 
        1140     0.132032     2     1        1 
        1141     0.127437     2     1        1 
        1142     0.124637     2     1        1 
        1143     0.124092     2     1        1 
        1144     0.124134     2     1        1 
        1145     0.123568     2     1        1 
        1146     0.120616     2     1        1 
        1147     0.116865     2     1        1 
        1148     0.113021     2     1        1 
        1149     0.109324     2     1        1 
        1150     0.107081     2     1        1 
        1151     0.106189     2     1        1 
        1152     0.105027     2     1        1 
        1153     0.104509     2     1        1 
        1154     0.103864     2     1        1 
        1155     0.103063     2     1        1 
        1156     0.102765     2     1        1 
        1157     0.102545     2     1        1 
        1158     0.102183     2     1        1 
        1159     0.102734     2     1        1 
        1160     0.146195     2     1        1 
        1161     0.156027     2     1        1 
        1162     0.157118     2     1        1 
        1163     0.156204     2     1        1 
        1164     0.151725     2     1        1 
        1165     0.147238     2     1        1 
        1166     0.143672     2     1        1 
        1167     0.140536     2     1        1 
        1168      0.13696     2     1        1 
        1169     0.133157     2     1        1 
        1170     0.127196     2     1        1 
        1171     0.121791     2     1        1 
        1172     0.117083     2     1        1 
        1173     0.112673     2     1        1 
        1174     0.110638     2     1        1 
        1175      0.10926     2     1        1 
        1176     0.108241     2     1        1 
        1177     0.107081     2     1        1 
        1178     0.106436     2     1        1 
        1179     0.105714     2     1        1 
        1180     0.105353     2     1        1 
        1181     0.105055     2     1        1 
        1182     0.104552     2     1        1 
        1183     0.104113     2     1        1 
        1184     0.104899     2     1        1 
        1185     0.107117     2     1        1 
        1186     0.109192     2     1        1 
        1187     0.110558     2     1        1 
        1188     0.109864     2     1        1 
        1189     0.109671     2     1        1 
        1190     0.109981     2     1        1 
        1191     0.109363     2     1        1 
        1192      0.10698     2     1        1 
        1193     0.105897     2     1        1 
        1194     0.106993     2     1        1 
        1195     0.104828     2     1        1 
        1196     0.103461     2     1        1 
        1197     0.207278     2     1        1 
        1198     0.198334     2     1        1 
        1199     0.190051     2     1        1 
        1200     0.184424     2     1        1 
        1201     0.180482     2     1        1 
        1202     0.177098     2     1        1 
        1203     0.174063     2     1        1 
        1204     0.171803     2     1        1 
        1205     0.169469     2     1        1 
        1206     0.167629     2     1        1 
        1207     0.166355     2     1        1 
        1208     0.164796     2     1        1 
        1209     0.162882     2     1        1 
        1210     0.160824     2     1        1 
        1211     0.157059     2     1        1 
        1212     0.151583     2     1        1 
        1213     0.145382     2     1        1 
        1214     0.140748     2     1        1 
        1215      0.13668     2     1        1 
        1216     0.132278     2     1        1 
        1217     0.127932     2     1        1 
        1218      0.12301     2     1        1 
        1219     0.118599     2     1        1 
        1220     0.114256     2     1        1 
        1221     0.111347     2     1        1 
        1222      0.10953     2     1        1 
        1223     0.108653     2     1        1 
        1224     0.107775     2     1        1 
        1225     0.107478     2     1        1 
        1226     0.106975     2     1        1 
        1227     0.106111     2     1        1 
        1228     0.105877     2     1        1 
        1229     0.105579     2     1        1 
        1230     0.105076     2     1        1 
        1231     0.104636     2     1        1 
        1232     0.104998     2     1        1 
        1233     0.106351     2     1        1 
        1234     0.129004     2     1        1 
        1235     0.209531     2     1        1 
        1236     0.187734     2     1        1 
        1237     0.179315     2     1        1 
        1238      0.17143     2     1        1 
        1239     0.165219     2     1        1 
        1240      0.15884     2     1        1 
        1241     0.150772     2     1        1 
        1242     0.142147     2     1        1 
        1243     0.135431     2     1        1 
        1244     0.129431     2     1        1 
        1245     0.125377     2     1        1 
        1246     0.123128     2     1        1 
        1247     0.122035     2     1        1 
        1248     0.120671     2     1        1 
        1249      0.12022     2     1        1 
        1250     0.119422     2     1        1 
        1251     0.118765     2     1        1 
        1252     0.117618     2     1        1 
        1253     0.117244     2     1        1 
        1254     0.117244     2     1        1 
        1255     0.116444     2     1        1 
        1256     0.116508     2     1        1 
        1257     0.118441     2     1        1 
        1258     0.122663     2     1        1 
        1259     0.230228     2     1        1 
        1260     0.208514     2     1        1 
        1261     0.197751     2     1        1 
        1262     0.189286     2     1        1 
        1263     0.181437     2     1        1 
        1264     0.171798     2     1        1 
        1265      0.16001     2     1        1 
        1266     0.150797     2     1        1 
        1267     0.145169     2     1        1 
        1268     0.141853     2     1        1 
        1269     0.139109     2     1        1 
        1270     0.137299     2     1        1 
        1271     0.136492     2     1        1 
        1272     0.135477     2     1        1 
        1273     0.134538     2     1        1 
        1274     0.133729     2     1        1 
        1275     0.132648     2     1        1 
        1276     0.132133     2     1        1 
        1277     0.131335     2     1        1 
        1278     0.130819     2     1        1 
        1279     0.130459     2     1        1 
        1280     0.130665     2     1        1 
        1281     0.131889     2     1        1 
        1282     0.131051     2     1        1 
        1283     0.134381     2     1        1 
        1284     0.205405     2     1        1 
        1285     0.185473     2     1        1 
        1286     0.172869     2     1        1 
        1287     0.161935     2     1        1 
        1288     0.150312     2     1        1 
        1289     0.139711     2     1        1 
        1290      0.13137     2     1        1 
        1291     0.125409     2     1        1 
        1292     0.119851     2     1        1 
        1293     0.116368     2     1        1 
        1294     0.114618     2     1        1 
        1295     0.113098     2     1        1 
        1296     0.112221     2     1        1 
        1297     0.111344     2     1        1 
        1298     0.110764     2     1        1 
        1299     0.110042     2     1        1 
        1300     0.109603     2     1        1 
        1301     0.109086     2     1        1 
        1302     0.108866     2     1        1 
        1303      0.10871     2     1        1 
        1304     0.109135     2     1        1 
        1305     0.109999     2     1        1 
        1306      0.11143     2     1        1 
        1307     0.112514     2     1        1 
        1308     0.112386     2     1        1 
        1309     0.111756     2     1        1 
        1310     0.112312     2     1        1 
        1311     0.113612     2     1        1 
        1312     0.114664     2     1        1 
        1313     0.113802     2     1        1 
        1314     0.110947     2     1        1 
        1315      0.10841     2     1        1 
        1316     0.105211     2     1        1 
        1317     0.102745     2     1        1 
        1318     0.101583     2     1        1 
        1319     0.100561     2     1        1 
        1320    0.0992558     2     1        1 
        1321    0.0987368     2     1        1 
        1322    0.0982332     2     1        1 
        1323    0.0977926     2     1        1 
        1324    0.0970685     2     1        1 
        1325    0.0969897     2     1        1 
        1326    0.0965487     2     1        1 
        1327    0.0964071     2     1        1 
        1328    0.0969737     2     1        1 
        1329    0.0998388     2     1        1 
        1330     0.101854     2     1        1 
        1331     0.120672     2     1        1 
        1332     0.156514     2     1        1 
        1333     0.154763     2     1        1 
        1334     0.152228     2     1        1 
        1335     0.149194     2     1        1 
        1336     0.144798     2     1        1 
        1337     0.137598     2     1        1 
        1338     0.130645     2     1        1 
        1339     0.124381     2     1        1 
        1340     0.118674     2     1        1 
        1341     0.114905     2     1        1 
        1342     0.113235     2     1        1 
        1343     0.111641     2     1        1 
        1344       0.1102     2     1        1 
        1345      0.10975     2     1        1 
        1346     0.108732     2     1        1 
        1347     0.108153     2     1        1 
        1348     0.107637     2     1        1 
        1349     0.107199     2     1        1 
        1350     0.106477     2     1        1 
        1351     0.105755     2     1        1 
        1352     0.106322     2     1        1 
        1353     0.107675     2     1        1 
        1354     0.109324     2     1        1 
        1355     0.110818     2     1        1 
        1356     0.110754     2     1        1 
        1357     0.110625     2     1        1 
        1358     0.111012     2     1        1 
        1359     0.112373     2     1        1 
        1360      0.11056     2     1        1 
        1361     0.112025     2     1        1 
        1362     0.110366     2     1        1 
        1363      0.10738     2     1        1 
        1364     0.103964     2     1        1 
        1365     0.203009     2     1        1 
        1366     0.206224     2     1        1 
        1367     0.196384     2     1        1 
        1368     0.190893     2     1        1 
        1369     0.186875     2     1        1 
        1370      0.18377     2     1        1 
        1371     0.181296     2     1        1 
        1372     0.179316     2     1        1 
        1373     0.177334     2     1        1 
        1374     0.175917     2     1        1 
        1375     0.174074     2     1        1 
        1376     0.173009     2     1        1 
        1377     0.172441     2     1        1 
        1378     0.169388     2     1        1 
        1379     0.163414     2     1        1 
        1380      0.15572     2     1        1 
        1381      0.14781     2     1        1 
        1382     0.141312     2     1        1 
        1383     0.134015     2     1        1 
        1384     0.127537     2     1        1 
        1385     0.122783     2     1        1 
        1386     0.119744     2     1        1 
        1387      0.11801     2     1        1 
        1388     0.116287     2     1        1 
        1389     0.114333     2     1        1 
        1390     0.112737     2     1        1 
        1391     0.112145     2     1        1 
        1392     0.111282     2     1        1 
        1393     0.110986     2     1        1 
        1394      0.11069     2     1        1 
        1395      0.11011     2     1        1 
        1396     0.110032     2     1        1 
        1397     0.109955     2     1        1 
        1398     0.109877     2     1        1 
        1399     0.109516     2     1        1 
        1400       0.1098     2     1        1 
        1401     0.111385     2     1        1 
        1402     0.112171     2     1        1 
        1403     0.113111     2     1        1 
        1404     0.113407     2     1        1 
        1405     0.112918     2     1        1 
        1406     0.113239     2     1        1 
        1407     0.114905     2     1        1 
        1408     0.111795     2     1        1 
        1409     0.110779     2     1        1 
        1410     0.109543     2     1        1 
        1411     0.107805     2     1        1 
        1412     0.105266     2     1        1 
        1413     0.170515     2     1        1 
        1414     0.226743     2     1        1 
        1415     0.207197     2     1        1 
        1416     0.200581     2     1        1 
        1417     0.196004     2     1        1 
        1418      0.19262     2     1        1 
        1419     0.190007     2     1        1 
        1420     0.187603     2     1        1 
        1421     0.186188     2     1        1 
        1422     0.184842     2     1        1 
        1423      0.18392     2     1        1 
        1424     0.182786     2     1        1 
        1425      0.18165     2     1        1 
        1426     0.179733     2     1        1 
        1427      0.17696     2     1        1 
        1428     0.174039     2     1        1 
        1429     0.168976     2     1        1 
        1430     0.163824     2     1        1 
        1431      0.15931     2     1        1 
        1432     0.154139     2     1        1 
        1433     0.149748     2     1        1 
        1434     0.147087     2     1        1 
        1435     0.145292     2     1        1 
        1436     0.143639     2     1        1 
        1437     0.141984     2     1        1 
        1438     0.141342     2     1        1 
        1439     0.140765     2     1        1 
        1440     0.140405     2     1        1 
        1441     0.139904     2     1        1 
        1442      0.13961     2     1        1 
        1443     0.139381     2     1        1 
        1444      0.13888     2     1        1 
        1445     0.138302     2     1        1 
        1446     0.138444     2     1        1 
        1447      0.14038     2     1        1 
        1448     0.141088     2     1        1 
        1449     0.148679     2     1        1 
        1450     0.156089     2     1        1 
        1451     0.163014     2     1        1 
        1452     0.167769     2     1        1 
        1453     0.167197     2     1        1 
        1454     0.163427     2     1        1 
        1455     0.159649     2     1        1 
        1456     0.158085     2     1        1 
        1457     0.165003     2     1        1 
        1458     0.167699     2     1        1 
        1459     0.172574     2     1        1 
        1460     0.179028     2     1        1 
        1461     0.179956     2     1        1 
        1462     0.180745     2     1        1 
        1463     0.178435     2     1        1 
        1464     0.175829     2     1        1 
        1465     0.173782     2     1        1 
        1466      0.17237     2     1        1 
        1467     0.170816     2     1        1 
        1468     0.169471     2     1        1 
        1469     0.167984     2     1        1 
        1470      0.16685     2     1        1 
        1471     0.165928     2     1        1 
        1472     0.168125     2     1        1 
        1473     0.171586     2     1        1 
        1474     0.173911     2     1        1 
        1475     0.172998     2     1        1 
        1476     0.171024     2     1        1 
        1477     0.167983     2     1        1 
        1478     0.164654     2     1        1 
        1479     0.161746     2     1        1 
        1480     0.158976     2     1        1 
        1481     0.155492     2     1        1 
        1482     0.152641     2     1        1 
        1483     0.150717     2     1        1 
        1484     0.149147     2     1        1 
        1485     0.148216     2     1        1 
        1486     0.147289     2     1        1 
        1487     0.146571     2     1        1 
        1488     0.146068     2     1        1 
        1489     0.145423     2     1        1 
        1490     0.144778     2     1        1 
        1491     0.144132     2     1        1 
        1492     0.143843     2     1        1 
        1493     0.143486     2     1        1 
        1494     0.142908     2     1        1 
        1495     0.142477     2     1        1 
        1496     0.142545     2     1        1 
        1497     0.142533     2     1        1 
        1498     0.140672     2     1        1 
        1499     0.138079     2     1        1 
        1500     0.133349     2     1        1 
        1501     0.127989     2     1        1 
        1502     0.125081     2     1        1 
        1503     0.124783     2     1        1 
        1504      0.12184     2     1        1 
        1505     0.119518     2     1        1 
        1506     0.115831     2     1        1 
        1507     0.113946     2     1        1 
        1508      0.11111     2     1        1 
        1509     0.109581     2     1        1 
        1510     0.108848     2     1        1 
        1511     0.107766     2     1        1 
        1512      0.10756     2     1        1 
        1513      0.10846     2     1        1 
        1514     0.108176     2     1        1 
        1515     0.107816     2     1        1 
        1516      0.10716     2     1        1 
        1517     0.107443     2     1        1 
        1518     0.127411     2     1        1 
        1519     0.191222     2     1        1 
        1520     0.204279     2     1        1 
        1521     0.195114     2     1        1 
        1522     0.191515     2     1        1 
        1523     0.187706     2     1        1 
        1524     0.181218     2     1        1 
        1525     0.172255     2     1        1 
        1526     0.162643     2     1        1 
        1527     0.153518     2     1        1 
        1528     0.144111     2     1        1 
        1529     0.138301     2     1        1 
        1530      0.13111     2     1        1 
        1531      0.12639     2     1        1 
        1532     0.123443     2     1        1 
        1533     0.121505     2     1        1 
        1534     0.119428     2     1        1 
        1535     0.118423     2     1        1 
        1536     0.117843     2     1        1 
        1537     0.117552     2     1        1 
        1538     0.116978     2     1        1 
        1539     0.116762     2     1        1 
        1540     0.116188     2     1        1 
        1541     0.116046     2     1        1 
        1542     0.115897     2     1        1 
        1543     0.115964     2     1        1 
        1544      0.11589     2     1        1 
        1545     0.117023     2     1        1 
        1546     0.117641     2     1        1 
        1547     0.117833     2     1        1 
        1548     0.117431     2     1        1 
        1549     0.115249     2     1        1 
        1550     0.114086     2     1        1 
        1551     0.115552     2     1        1 
        1552     0.114702     2     1        1 
        1553     0.113767     2     1        1 
        1554     0.111298     2     1        1 
        1555     0.108912     2     1        1 
        1556     0.105189     2     1        1 
        1557     0.194545     2     1        1 
        1558     0.218349     2     1        1 
        1559     0.205834     2     1        1 
        1560     0.199716     2     1        1 
        1561     0.195775     2     1        1 
        1562     0.192321     2     1        1 
        1563     0.190064     2     1        1 
        1564     0.187945     2     1        1 
        1565      0.18618     2     1        1 
        1566     0.184625     2     1        1 
        1567     0.183211     2     1        1 
        1568     0.182575     2     1        1 
        1569     0.181725     2     1        1 
        1570     0.178255     2     1        1 
        1571     0.172867     2     1        1 
        1572     0.166337     2     1        1 
        1573     0.157876     2     1        1 
        1574     0.150195     2     1        1 
        1575     0.143791     2     1        1 
        1576     0.136569     2     1        1 
        1577     0.130815     2     1        1 
        1578     0.124815     2     1        1 
        1579       0.1185     2     1        1 
        1580     0.126187     2     1        1 
        1581     0.131187     2     1        1 
        1582     0.130539     2     1        1 
        1583     0.130033     2     1        1 
        1584     0.129169     2     1        1 
        1585     0.128304     2     1        1 
        1586     0.127156     2     1        1 
        1587     0.126648     2     1        1 
        1588     0.126424     2     1        1 
        1589     0.125991     2     1        1 
        1590     0.124916     2     1        1 
        1591     0.124332     2     1        1 
        1592     0.124182     2     1        1 
        1593      0.12524     2     1        1 
        1594     0.125005     2     1        1 
        1595     0.124401     2     1        1 
        1596     0.122728     2     1        1 
        1597      0.12042     2     1        1 
        1598     0.119165     2     1        1 
        1599     0.119934     2     1        1 
        1600     0.119179     2     1        1 
        1601     0.117091     2     1        1 
        1602     0.114621     2     1        1 
        1603     0.112006     2     1        1 
        1604     0.107495     2     1        1 
        1605     0.105371     2     1        1 
        1606     0.103694     2     1        1 
        1607     0.102958     2     1        1 
        1608     0.102158     2     1        1 
        1609     0.101577     2     1        1 
        1610     0.101421     2     1        1 
        1611     0.101124     2     1        1 
        1612     0.100982     2     1        1 
        1613     0.100904     2     1        1 
        1614     0.100826     2     1        1 
        1615     0.100826     2     1        1 
        1616     0.100967     2     1        1 
        1617     0.101612     2     1        1 
        1618     0.102774     2     1        1 
        1619     0.102427     2     1        1 
        1620     0.101421     2     1        1 
        1621     0.102491     2     1        1 
        1622     0.102789     2     1        1 
        1623     0.104092     2     1        1 
        1624     0.103511     2     1        1 
        1625     0.103086     2     1        1 
        1626     0.102725     2     1        1 
        1627     0.101924     2     1        1 
        1628     0.100117     2     1        1 
        1629    0.0995994     2     1        1 
        1630    0.0990179     2     1        1 
        1631    0.0985779     2     1        1 
        1632    0.0983578     2     1        1 
        1633    0.0983426     2     1        1 
        1634    0.0986412     2     1        1 
        1635     0.101448     2     1        1 
        1636     0.111525     2     1        1 
        1637     0.121997     2     1        1 
        1638     0.141801     2     1        1 
        1639     0.163074     2     1        1 
        1640     0.164149     2     1        1 
        1641     0.161315     2     1        1 
        1642     0.159116     2     1        1 
        1643     0.156704     2     1        1 
        1644     0.151167     2     1        1 
        1645     0.144055     2     1        1 
        1646     0.137024     2     1        1 
        1647     0.132336     2     1        1 
        1648     0.127047     2     1        1 
        1649     0.122503     2     1        1 
        1650     0.117363     2     1        1 
        1651     0.112268     2     1        1 
        1652     0.110088     2     1        1 
        1653     0.107622     2     1        1 
        1654     0.106014     2     1        1 
        1655     0.105204     2     1        1 
        1656     0.104547     2     1        1 
        1657      0.10389     2     1        1 
        1658     0.103451     2     1        1 
        1659     0.103077     2     1        1 
        1660     0.102639     2     1        1 
        1661     0.101917     2     1        1 
        1662     0.101556     2     1        1 
        1663     0.101478     2     1        1 
        1664     0.101761     2     1        1 
        1665     0.103461     2     1        1 
        1666     0.170623     2     1        1 
        1667     0.209586     2     1        1 
        1668     0.193891     2     1        1 
        1669     0.182644     2     1        1 
        1670     0.173012     2     1        1 
        1671     0.163796     2     1        1 
        1672     0.152001     2     1        1 
        1673      0.14064     2     1        1 
        1674     0.131164     2     1        1 
        1675     0.124381     2     1        1 
        1676     0.118163     2     1        1 
        1677      0.11481     2     1        1 
        1678      0.11257     2     1        1 
        1679     0.111617     2     1        1 
        1680     0.110676     2     1        1 
        1681       0.1098     2     1        1 
        1682     0.109425     2     1        1 
        1683     0.108845     2     1        1 
        1684     0.108122     2     1        1 
        1685       0.1074     2     1        1 
        1686     0.107244     2     1        1 
        1687     0.107088     2     1        1 
        1688     0.107088     2     1        1 
        1689     0.108441     2     1        1 
        1690     0.109886     2     1        1 
        1691     0.111175     2     1        1 
        1692     0.112103     2     1        1 
        1693     0.111331     2     1        1 
        1694     0.112029     2     1        1 
        1695     0.113252     2     1        1 
        1696     0.112798     2     1        1 
        1697     0.109454     2     1        1 
        1698     0.107276     2     1        1 
        1699     0.107818     2     1        1 
        1700     0.106116     2     1        1 
        1701     0.190455     2     1        1 
        1702     0.212804     2     1        1 
        1703     0.202899     2     1        1 
        1704     0.198299     2     1        1 
        1705     0.195042     2     1        1 
        1706      0.19235     2     1        1 
        1707     0.190081     2     1        1 
        1708      0.18852     2     1        1 
        1709     0.187029     2     1        1 
        1710      0.18561     2     1        1 
        1711     0.184331     2     1        1 
        1712     0.183407     2     1        1 
        1713       0.1822     2     1        1 
        1714     0.178789     2     1        1 
        1715     0.176507     2     1        1 
        1716     0.175509     2     1        1 
        1717     0.174578     2     1        1 
        1718     0.174574     2     1        1 
        1719     0.175003     2     1        1 
        1720     0.175516     2     1        1 
        1721     0.179662     2     1        1 
        1722     0.180379     2     1        1 
        1723     0.178535     2     1        1 
        1724     0.176406     2     1        1 
        1725     0.174771     2     1        1 
        1726     0.173632     2     1        1 
        1727     0.172847     2     1        1 
        1728     0.172275     2     1        1 
        1729     0.171706     2     1        1 
        1730     0.170923     2     1        1 
        1731     0.170564     2     1        1 
        1732     0.170132     2     1        1 
        1733     0.169776     2     1        1 
        1734     0.169275     2     1        1 
        1735     0.168774     2     1        1 
        1736     0.168062     2     1        1 
        1737      0.16756     2     1        1 
        1738     0.164924     2     1        1 
        1739     0.161353     2     1        1 
        1740     0.155289     2     1        1 
        1741     0.148726     2     1        1 
        1742     0.142889     2     1        1 
        1743     0.138295     2     1        1 
        1744     0.133471     2     1        1 
        1745     0.128749     2     1        1 
        1746     0.122823     2     1        1 
        1747     0.119199     2     1        1 
        1748     0.117018     2     1        1 
        1749     0.115425     2     1        1 
        1750     0.114114     2     1        1 
        1751     0.112956     2     1        1 
        1752     0.112016     2     1        1 
        1753     0.111862     2     1        1 
        1754     0.111282     2     1        1 
        1755      0.11078     2     1        1 
        1756     0.110342     2     1        1 
        1757     0.110123     2     1        1 
        1758     0.109762     2     1        1 
        1759     0.109621     2     1        1 
        1760     0.110046     2     1        1 
        1761     0.111553     2     1        1 
        1762     0.112429     2     1        1 
        1763     0.113304     2     1        1 
        1764     0.113175     2     1        1 
        1765     0.113741     2     1        1 
        1766     0.113908     2     1        1 
        1767     0.114817     2     1        1 
        1768       0.1134     2     1        1 
        1769     0.110945     2     1        1 
        1770      0.10841     2     1        1 
        1771     0.107032     2     1        1 
        1772     0.106156     2     1        1 
        1773     0.104996     2     1        1 
        1774     0.104261     2     1        1 
        1775     0.103242     2     1        1 
        1776     0.102944     2     1        1 
        1777     0.102867     2     1        1 
        1778     0.103008     2     1        1 
        1779     0.106966     2     1        1 
        1780      0.11753     2     1        1 
        1781     0.119764     2     1        1 
        1782     0.120291     2     1        1 
        1783     0.120166     2     1        1 
        1784     0.120099     2     1        1 
        1785     0.119816     2     1        1 
        1786     0.119241     2     1        1 
        1787     0.118741     2     1        1 
        1788     0.118299     2     1        1 
        1789     0.118082     2     1        1 
        1790     0.118772     2     1        1 
        1791      0.11863     2     1        1 
        1792     0.118666     2     1        1 
        1793     0.115769     2     1        1 
        1794     0.112071     2     1        1 
        1795     0.110099     2     1        1 
        1796     0.107905     2     1        1 
        1797     0.169565     2     1        1 
        1798      0.19494     2     1        1 
        1799     0.192599     2     1        1 
        1800     0.190265     2     1        1 
        1801     0.188146     2     1        1 
        1802     0.186592     2     1        1 
        1803     0.187934     2     1        1 
        1804     0.198514     2     1        1 
        1805     0.203719     2     1        1 
        1806     0.200603     2     1        1 
        1807     0.196582     2     1        1 
        1808     0.194393     2     1        1 
        1809     0.192556     2     1        1 
        1810     0.190718     2     1        1 
        1811     0.188318     2     1        1 
        1812     0.185561     2     1        1 
        1813     0.181467     2     1        1 
        1814     0.176596     2     1        1 
        1815      0.17285     2     1        1 
        1816     0.168468     2     1        1 
        1817     0.164013     2     1        1 
        1818      0.16005     2     1        1 
        1819     0.157146     2     1        1 
        1820     0.152325     2     1        1 
        1821     0.149628     2     1        1 
        1822     0.148491     2     1        1 
        1823     0.147567     2     1        1 
        1824     0.147567     2     1        1 
        1825      0.14714     2     1        1 
        1826     0.146216     2     1        1 
        1827     0.146075     2     1        1 
        1828     0.145933     2     1        1 
        1829     0.145081     2     1        1 
        1830     0.144725     2     1        1 
        1831     0.144653     2     1        1 
        1832     0.144653     2     1        1 
        1833     0.144581     2     1        1 
        1834     0.143798     2     1        1 
        1835     0.142441     2     1        1 
        1836      0.13938     2     1        1 
        1837      0.13632     2     1        1 
        1838     0.134401     2     1        1 
        1839     0.131778     2     1        1 
        1840     0.126191     2     1        1 
        1841      0.12043     2     1        1 
        1842     0.118624     2     1        1 
        1843     0.118491     2     1        1 
        1844     0.115806     2     1        1 
        1845     0.113493     2     1        1 
        1846     0.112123     2     1        1 
        1847     0.111754     2     1        1 
        1848     0.111177     2     1        1 
        1849     0.110458     2     1        1 
        1850     0.110165     2     1        1 
        1851     0.109729     2     1        1 
        1852      0.10937     2     1        1 
        1853     0.109293     2     1        1 
        1854     0.108934     2     1        1 
        1855     0.108563     2     1        1 
        1856     0.108858     2     1        1 
        1857     0.110209     2     1        1 
        1858     0.112552     2     1        1 
        1859     0.114393     2     1        1 
        1860     0.115658     2     1        1 
        1861     0.115658     2     1        1 
        1862     0.116996     2     1        1 
        1863     0.118699     2     1        1 
        1864     0.117323     2     1        1 
        1865     0.113671     2     1        1 
        1866     0.112006     2     1        1 
        1867      0.11714     2     1        1 
        1868     0.209114     2     1        1 
        1869     0.203112     2     1        1 
        1870     0.195467     2     1        1 
        1871     0.190295     2     1        1 
        1872     0.186606     2     1        1 
        1873     0.183766     2     1        1 
        1874     0.181491     2     1        1 
        1875     0.179287     2     1        1 
        1876     0.177509     2     1        1 
        1877     0.175941     2     1        1 
        1878     0.174303     2     1        1 
        1879     0.172947     2     1        1 
        1880     0.171874     2     1        1 
        1881     0.170161     2     1        1 
        1882     0.167171     2     1        1 
        1883     0.162543     2     1        1 
        1884     0.155856     2     1        1 
        1885      0.14903     2     1        1 
        1886     0.145033     2     1        1 
        1887     0.140523     2     1        1 
        1888     0.135916     2     1        1 
        1889     0.131421     2     1        1 
        1890     0.126253     2     1        1 
        1891     0.121782     2     1        1 
        1892     0.117213     2     1        1 
        1893     0.114655     2     1        1 
        1894     0.112768     2     1        1 
        1895     0.111523     2     1        1 
        1896     0.110791     2     1        1 
        1897     0.109981     2     1        1 
        1898     0.109621     2     1        1 
        1899     0.108823     2     1        1 
        1900     0.108307     2     1        1 
        1901      0.10823     2     1        1 
        1902     0.107934     2     1        1 
        1903      0.10765     2     1        1 
        1904     0.107792     2     1        1 
        1905     0.109724     2     1        1 
        1906      0.11172     2     1        1 
        1907     0.113214     2     1        1 
        1908     0.113948     2     1        1 
        1909      0.11392     2     1        1 
        1910     0.117116     2     1        1 
        1911     0.119857     2     1        1 
        1912     0.119466     2     1        1 
        1913     0.117541     2     1        1 
        1914     0.114739     2     1        1 
        1915     0.111688     2     1        1 
        1916     0.107863     2     1        1 
        1917     0.106014     2     1        1 
        1918     0.189063     2     1        1 
        1919     0.220262     2     1        1 
        1920     0.208751     2     1        1 
        1921     0.204378     2     1        1 
        1922     0.201908     2     1        1 
        1923          0.2     2     1        1 
        1924     0.198938     2     1        1 
        1925     0.197662     2     1        1 
        1926     0.197022     2     1        1 
        1927     0.196099     2     1        1 
        1928     0.195884     2     1        1 
        1929     0.194751     2     1        1 
        1930     0.191563     2     1        1 
        1931      0.18617     2     1        1 
        1932     0.179353     2     1        1 
        1933      0.17189     2     1        1 
        1934     0.165872     2     1        1 
        1935     0.157635     2     1        1 
        1936     0.148036     2     1        1 
        1937     0.139551     2     1        1 
        1938     0.131972     2     1        1 
        1939     0.125411     2     1        1 
        1940     0.120703     2     1        1 
        1941     0.118447     2     1        1 
        1942     0.117355     2     1        1 
        1943      0.11598     2     1        1 
        1944     0.115466     2     1        1 
        1945     0.114875     2     1        1 
        1946     0.114437     2     1        1 
        1947     0.113716     2     1        1 
        1948     0.113562     2     1        1 
        1949     0.113407     2     1        1 
        1950     0.113253     2     1        1 
        1951     0.112892     2     1        1 
        1952     0.113175     2     1        1 
        1953     0.113974     2     1        1 
        1954     0.115906     2     1        1 
        1955     0.202272     2     1        1 
        1956     0.224163     2     1        1 
        1957     0.207976     2     1        1 
        1958     0.200403     2     1        1 
        1959     0.190858     2     1        1 
        1960     0.179099     2     1        1 
        1961     0.167944     2     1        1 
        1962     0.156467     2     1        1 
        1963     0.146653     2     1        1 
        1964      0.13972     2     1        1 
        1965     0.137385     2     1        1 
        1966      0.13572     2     1        1 
        1967     0.134848     2     1        1 
        1968     0.134118     2     1        1 
        1969      0.13318     2     1        1 
        1970     0.132667     2     1        1 
        1971     0.132514     2     1        1 
        1972     0.132284     2     1        1 
        1973     0.131847     2     1        1 
        1974     0.131203     2     1        1 
        1975     0.131049     2     1        1 
        1976      0.13141     2     1        1 
        1977     0.131858     2     1        1 
        1978     0.131304     2     1        1 
        1979     0.128175     2     1        1 
        1980     0.125419     2     1        1 
        1981     0.122957     2     1        1 
        1982     0.124144     2     1        1 
        1983     0.124155     2     1        1 
        1984     0.122898     2     1        1 
        1985     0.120897     2     1        1 
        1986     0.118092     2     1        1 
        1987       0.1146     2     1        1 
        1988     0.110945     2     1        1 
        1989     0.113304     2     1        1 
        1990     0.220473     2     1        1 
        1991     0.208208     2     1        1 
        1992     0.200553     2     1        1 
        1993     0.196549     2     1        1 
        1994     0.193665     2     1        1 
        1995     0.192331     2     1        1 
        1996      0.19078     2     1        1 
        1997     0.189935     2     1        1 
        1998     0.188876     2     1        1 
        1999     0.187462     2     1        1 
        2000      0.18725     2     1        1 
        2001       0.1864     2     1        1 
        2002     0.182576     2     1        1 
        2003      0.17712     2     1        1 
        2004     0.170383     2     1        1 
        2005     0.162647     2     1        1 
        2006     0.156767     2     1        1 
        2007     0.148813     2     1        1 
        2008      0.14083     2     1        1 
        2009      0.13273     2     1        1 
        2010     0.127623     2     1        1 
        2011      0.12307     2     1        1 
        2012     0.120744     2     1        1 
        2013     0.119079     2     1        1 
        2014     0.118415     2     1        1 
        2015     0.117412     2     1        1 
        2016     0.117477     2     1        1 
        2017     0.117401     2     1        1 
        2018     0.116605     2     1        1 
        2019     0.116387     2     1        1 
        2020     0.116234     2     1        1 
        2021     0.116157     2     1        1 
        2022     0.116004     2     1        1 
        2023     0.115709     2     1        1 
        2024     0.115992     2     1        1 
        2025     0.116712     2     1        1 
        2026     0.117574     2     1        1 
        2027     0.117149     2     1        1 
        2028      0.11644     2     1        1 
        2029     0.115743     2     1        1 
        2030     0.118619     2     1        1 
        2031     0.118081     2     1        1 
        2032     0.115167     2     1        1 
        2033     0.116939     2     1        1 
        2034     0.113107     2     1        1 
        2035     0.111417     2     1        1 
        2036     0.109747     2     1        1 
        2037       0.1085     2     1        1 
        2038     0.107483     2     1        1 
        2039     0.106685     2     1        1 
        2040     0.106028     2     1        1 
        2041     0.105512     2     1        1 
        2042     0.105074     2     1        1 
        2043     0.104713     2     1        1 
        2044     0.104352     2     1        1 
        2045     0.103914     2     1        1 
        2046     0.103553     2     1        1 
        2047     0.103333     2     1        1 
        2048     0.103822     2     1        1 
        2049     0.202449     2     1        1 
        2050     0.216879     2     1        1 
        2051      0.20217     2     1        1 
        2052     0.192727     2     1        1 
        2053     0.184111     2     1        1 
        2054     0.176889     2     1        1 
        2055     0.167554     2     1        1 
        2056     0.157002     2     1        1 
        2057     0.145704     2     1        1 
        2058     0.136497     2     1        1 
        2059     0.129309     2     1        1 
        2060     0.124664     2     1        1 
        2061     0.123126     2     1        1 
        2062     0.122181     2     1        1 
        2063     0.121235     2     1        1 
        2064     0.120441     2     1        1 
        2065     0.119428     2     1        1 
        2066      0.11884     2     1        1 
        2067     0.118545     2     1        1 
        2068     0.118251     2     1        1 
        2069     0.117956     2     1        1 
        2070     0.117803     2     1        1 
        2071     0.117727     2     1        1 
        2072     0.117869     2     1        1 
        2073     0.118381     2     1        1 
        2074     0.119591     2     1        1 
        2075      0.11837     2     1        1 
        2076     0.117509     2     1        1 
        2077     0.117237     2     1        1 
        2078      0.12046     2     1        1 
        2079     0.121596     2     1        1 
        2080     0.120954     2     1        1 
        2081     0.119519     2     1        1 
        2082     0.117071     2     1        1 
        2083     0.114436     2     1        1 
        2084      0.11177     2     1        1 
        2085     0.147442     2     1        1 
        2086     0.219712     2     1        1 
        2087     0.201608     2     1        1 
        2088     0.195841     2     1        1 
        2089     0.192182     2     1        1 
        2090      0.18922     2     1        1 
        2091     0.186819     2     1        1 
        2092     0.184982     2     1        1 
        2093     0.183284     2     1        1 
        2094      0.18208     2     1        1 
        2095     0.181088     2     1        1 
        2096     0.180308     2     1        1 
        2097     0.179457     2     1        1 
        2098     0.176409     2     1        1 
        2099     0.169457     2     1        1 
        2100     0.160933     2     1        1 
        2101     0.152328     2     1        1 
        2102     0.146228     2     1        1 
        2103     0.138974     2     1        1 
        2104     0.133053     2     1        1 
        2105     0.127745     2     1        1 
        2106     0.122849     2     1        1 
        2107     0.117996     2     1        1 
        2108     0.114415     2     1        1 
        2109     0.132106     2     1        1 
        2110     0.245424     2     1        1 
        2111     0.222634     2     1        1 
        2112     0.217734     2     1        1 
        2113     0.215145     2     1        1 
        2114      0.21347     2     1        1 
        2115     0.211576     2     1        1 
        2116     0.210949     2     1        1 
        2117     0.209823     2     1        1 
        2118     0.209261     2     1        1 
        2119     0.207992     2     1        1 
        2120     0.207498     2     1        1 
        2121      0.20672     2     1        1 
        2122     0.201767     2     1        1 
        2123     0.195963     2     1        1 
        2124     0.188311     2     1        1 
        2125     0.180224     2     1        1 
        2126     0.172211     2     1        1 
        2127     0.162406     2     1        1 
        2128     0.152222     2     1        1 
        2129     0.142864     2     1        1 
        2130     0.134482     2     1        1 
        2131     0.127073     2     1        1 
        2132     0.122217     2     1        1 
        2133     0.119958     2     1        1 
        2134     0.118724     2     1        1 
        2135     0.118068     2     1        1 
        2136     0.117129     2     1        1 
        2137     0.116691     2     1        1 
        2138     0.116112     2     1        1 
        2139     0.115816     2     1        1 
        2140     0.115519     2     1        1 
        2141     0.115442     2     1        1 
        2142     0.115146     2     1        1 
        2143     0.115287     2     1        1 
        2144     0.115429     2     1        1 
        2145     0.116511     2     1        1 
        2146     0.117593     2     1        1 
        2147     0.116885     2     1        1 
        2148      0.11682     2     1        1 
        2149     0.117206     2     1        1 
        2150     0.120092     2     1        1 
        2151     0.120451     2     1        1 
        2152     0.118619     2     1        1 
        2153     0.115177     2     1        1 
        2154     0.112856     2     1        1 
        2155     0.110159     2     1        1 
        2156     0.107805     2     1        1 
        2157     0.106774     2     1        1 
        2158     0.138069     2     1        1 
        2159     0.209426     2     1        1 
        2160     0.195146     2     1        1 
        2161     0.189288     2     1        1 
        2162     0.185544     2     1        1 
        2163     0.182716     2     1        1 
        2164      0.18045     2     1        1 
        2165     0.178041     2     1        1 
        2166      0.17634     2     1        1 
        2167     0.174778     2     1        1 
        2168     0.173854     2     1        1 
        2169     0.172933     2     1        1 
        2170     0.169242     2     1        1 
        2171     0.160713     2     1        1 
        2172     0.151661     2     1        1 
        2173     0.143518     2     1        1 
        2174     0.137534     2     1        1 
        2175     0.131838     2     1        1 
        2176     0.126482     2     1        1 
        2177     0.122455     2     1        1 
        2178     0.118488     2     1        1 
        2179     0.114851     2     1        1 
        2180      0.11258     2     1        1 
        2181     0.110908     2     1        1 
        2182     0.110316     2     1        1 
        2183     0.109801     2     1        1 
        2184     0.108861     2     1        1 
        2185     0.108346     2     1        1 
        2186     0.107843     2     1        1 
        2187     0.107766     2     1        1 
        2188     0.107546     2     1        1 
        2189     0.107108     2     1        1 
        2190     0.106386     2     1        1 
        2191     0.106167     2     1        1 
        2192     0.106308     2     1        1 
        2193     0.106797     2     1        1 
        2194     0.107017     2     1        1 
        2195     0.107236     2     1        1 
        2196     0.107455     2     1        1 
        2197     0.108255     2     1        1 
        2198     0.110935     2     1        1 
        2199     0.110368     2     1        1 
        2200     0.108268     2     1        1 
        2201     0.107766     2     1        1 
        2202     0.108268     2     1        1 
        2203     0.107158     2     1        1 
        2204     0.106344     2     1        1 
        2205     0.105466     2     1        1 
        2206     0.104821     2     1        1 
        2207     0.104743     2     1        1 
        2208      0.10402     2     1        1 
        2209     0.103078     2     1        1 
        2210      0.10278     2     1        1 
        2211     0.102355     2     1        1 
        2212     0.102198     2     1        1 
        2213     0.101915     2     1        1 
        2214     0.101411     2     1        1 
        2215     0.101553     2     1        1 
        2216     0.101915     2     1        1 
        2217     0.139725     2     1        1 
        2218     0.225048     2     1        1 
        2219     0.199741     2     1        1 
        2220     0.189854     2     1        1 
        2221     0.180731     2     1        1 
        2222     0.173295     2     1        1 
        2223     0.163873     2     1        1 
        2224     0.153224     2     1        1 
        2225     0.143609     2     1        1 
        2226     0.134019     2     1        1 
        2227     0.126731     2     1        1 
        2228     0.123749     2     1        1 
        2229     0.121214     2     1        1 
        2230     0.120125     2     1        1 
        2231     0.119537     2     1        1 
        2232     0.119025     2     1        1 
        2256     0.119025     2     1        1 
        1524      996.533    40     1        1 
        1764      1228.87    40     1        1 
        2028      1439.12    40     1        1 
        2244         1534    40     1        1 
        1524      68.6166    41     1        1 
        1764       84.614    41     1        1 
        2028      99.0912    41     1        1 
        2244      105.624    41     1        1 
        1524      26.4072    42     1        1 
        1764       40.848    42     1        1 
        2028      46.9396    42     1        1 
        2244      68.3205    42     1        1 
        1524      29.7258    43     1        1 
        1764      32.2684    43     1        1 
        2028      18.4101    43     1        1 
        2244      13.8468    43     1        1 
end*** END OF INPUT FILE 'FIT.IN' **********************************
