*********************************** COUVREUR MODEL *******************************************
	hxMin		Krs		Kcomp
-16000.0 1.08388e-05 7.992e-07 
*********************************** SUGAR MODEL **********************************************
*** Sugar Transport Parameters ***************************************************************
	Cp		vm		Km 		delta		fstar		ps			
0.11 2.5031404141 0.08 127.8003736806 0.45 3.6e-05 
*** Fruit Physical Parameters ****************************************************************
	Hf		phi_max		k 		tau		Y		a		Lp		Lx		gamma		eta		Ws		
0.996 0.02 0.0058001995 3.38e-06 1.0 0.0190560478 0.015 0.015 5.57 0.62 0 
*** Respiration Parameters *******************************************************************
	ro		qg 		qm			Q10
23.4 0.22 0.00042 1.47 
*** Conversion Parameters ******************************************************************** 
	kst 	kst50 	beta_st 	kdeg_st		ksyn_so
0.0260197071 760.0 4.4325464171 0.0187 0.0005119796 
*** Initial Conditions ***********************************************************************
	t0_fruit	w0		s0 		ss0		st0
	1044		265.2	18.3	2.6		7
*** Atmospheric Conditions********************************************************************
	nRecords
	2256
	t	Tair	RH
	1	16.3725	0.4655	0.035776331
	2	15.90825	0.49225	0.035858169
	3	16.63575	0.44475	0.035940186
	4	16.421	0.4165	0.036022383
	5	15.34175	0.44275	0.036104758
	6	12.4705	0.541	0.036187314
	7	12.1335	0.58	0.036270049
	8	16.01575	0.42825	0.036352966
	9	18.301	0.3655	0.036436063
	10	19.4365	0.32275	0.036519342
	11	20.61475	0.29975	0.036602802
	12	21.4075	0.28	0.036686444
	13	22.196	0.26925	0.036770269
	14	22.663	0.26125	0.036854276
	15	23.19075	0.26325	0.036938467
	16	23.54475	0.2605	0.03702284
	17	22.04975	0.26675	0.037107398
	18	15.96675	0.369	0.03719214
	19	13.29175	0.4495	0.037277066
	20	11.24775	0.5	0.037362177
	21	8.566	0.66475	0.037447474
	22	7.5565	0.706	0.037532956
	23	7.9575	0.61525	0.037618624
	24	8.40025	0.5515	0.037704478
	25	7.6505	0.62225	0.037790519
	26	7.24225	0.63175	0.037876747
	27	7.12275	0.64	0.037963163
	28	7.19175	0.60875	0.038049766
	29	6.508	0.675	0.038136558
	30	5.67175	0.727	0.038223538
	31	4.86925	0.82025	0.038310707
	32	5.73075	0.80525	0.038398065
	33	7.5485	0.737	0.038485612
	34	9.58075	0.5695	0.03857335
	35	10.418	0.45925	0.038661278
	36	10.85825	0.412	0.038749397
	37	11.552	0.35175	0.038837707
	38	12.91325	0.31025	0.038926208
	39	14.2525	0.28	0.039014901
	40	15.867	0.275	0.039103786
	41	16.96875	0.267	0.039192864
	42	17.74825	0.253	0.039282135
	43	17.05225	0.2695	0.039371599
	44	16.111	0.32125	0.039461257
	45	14.11575	0.40225	0.039551109
	46	12.267	0.4785	0.039641155
	47	11.339	0.54125	0.039731397
	48	10.1755	0.587	0.039821833
	49	9.0705	0.653	0.039912465
	50	8.7545	0.70925	0.040003293
	51	8.23675	0.721	0.040094317
	52	8.3195	0.64775	0.040185538
	53	7.8	0.5845	0.040276956
	54	7.46275	0.60475	0.040368571
	55	7.80525	0.6035	0.040460384
	56	9.2495	0.6135	0.040552396
	57	11.094	0.454	0.040644606
	58	12.96125	0.37325	0.040737014
	59	14.547	0.33975	0.040829623
	60	15.89625	0.3235	0.040922431
	61	16.46275	0.2955	0.041015439
	62	16.79	0.28575	0.041108648
	63	17.09375	0.23475	0.041202057
	64	16.594	0.24175	0.041295668
	65	16.7845	0.208	0.04138948
	66	16.61775	0.2085	0.041483494
	67	15.58075	0.2475	0.041577711
	68	15.0495	0.2745	0.041672131
	69	13.7555	0.387	0.041766754
	70	13.44925	0.3715	0.04186158
	71	13.32275	0.35525	0.04195661
	72	13.56975	0.3305	0.042051845
	73	13.4495	0.30725	0.042147284
	74	12.018	0.37875	0.042242929
	75	10.69925	0.45675	0.042338779
	76	10.65675	0.4395	0.042434834
	77	10.44875	0.42375	0.042531097
	78	10.70525	0.396	0.042627565
	79	9.43475	0.36175	0.042724241
	80	9.8655	0.2885	0.042821125
	81	11.56925	0.23775	0.042918216
	82	13.3405	0.2465	0.043015515
	83	13.79775	0.2135	0.043113023
	84	14.846	0.202	0.04321074
	85	16.26625	0.1855	0.043308667
	86	17.0465	0.17775	0.043406803
	87	17.189	0.1575	0.043505149
	88	17.05225	0.15525	0.043603706
	89	17.12375	0.1445	0.043702474
	90	16.302	0.13475	0.043801454
	91	15.52675	0.12475	0.043900645
	92	13.89325	0.11925	0.044000049
	93	11.26375	0.13375	0.044099665
	94	7.9355	0.2	0.044199494
	95	5.56975	0.291	0.044299536
	96	5.647	0.2965	0.044399792
	97	5.23475	0.38125	0.044500262
	98	3.45825	0.487	0.044600947
	99	1.995	0.52325	0.044701847
	100	1.76675	0.542	0.044802962
	101	1.64075	0.513	0.044904293
	102	0.54125	0.55775	0.045005841
	103	1.23675	0.5765	0.045107604
	104	6.592	0.43875	0.045209585
	105	11.87975	0.287	0.045311783
	106	14.6185	0.2295	0.045414199
	107	17.39675	0.159	0.045516833
	108	20.2755	0.0985	0.045619686
	109	21.97525	0.0795	0.045722758
	110	23.85825	0.076	0.045826049
	111	24.73175	0.06325	0.04592956
	112	25.38025	0.06075	0.046033291
	113	26.12775	0.063	0.046137243
	114	25.09675	0.0735	0.046241416
	115	24.557	0.08275	0.04634581
	116	22.975	0.1135	0.046450427
	117	19.5565	0.1685	0.046555265
	118	16.8255	0.24225	0.046660326
	119	14.55875	0.31975	0.04676561
	120	14.7625	0.34925	0.046871118
	121	13.8755	0.38325	0.04697685
	122	13.15425	0.41825	0.047082806
	123	12.43025	0.4515	0.047188986
	124	10.05575	0.53125	0.047295392
	125	10.86425	0.521	0.047402024
	126	10.70925	0.5235	0.047508881
	127	9.47075	0.57025	0.047615965
	128	12.65775	0.498	0.047723275
	129	18.4675	0.36125	0.047830813
	130	22.38175	0.22125	0.047938578
	131	23.7915	0.15775	0.048046572
	132	25.217	0.1315	0.048154794
	133	26.31075	0.1055	0.048263244
	134	26.3535	0.0835	0.048371924
	135	27.08125	0.0835	0.048480834
	136	27.68975	0.077	0.048589974
	137	27.94275	0.08075	0.048699344
	138	27.4995	0.0845	0.048808946
	139	26.471	0.0835	0.048918778
	140	23.552	0.1125	0.049028843
	141	19.39575	0.1795	0.04913914
	142	17.56925	0.24025	0.049249669
	143	17.48025	0.291	0.049360432
	144	16.564	0.3245	0.049471428
	145	15.20425	0.3975	0.049582657
	146	15.11475	0.42275	0.049694122
	147	14.51725	0.41575	0.049805821
	148	12.7865	0.45025	0.049917755
	149	12.42475	0.45475	0.050029924
	150	11.8435	0.471	0.05014233
	151	12.225	0.45725	0.050254972
	152	14.3665	0.4165	0.050367851
	153	17.224	0.40025	0.050480968
	154	20.091	0.276	0.050594322
	155	21.08575	0.23575	0.050707914
	156	23.348	0.17225	0.050821745
	157	24.97575	0.13075	0.050935815
	158	26.29875	0.1185	0.051050124
	159	27.30975	0.121	0.051164673
	160	25.38	0.155	0.051279462
	161	26.08625	0.17175	0.051394493
	162	23.5805	0.24225	0.051509764
	163	23.38825	0.25325	0.051625277
	164	23.31775	0.2585	0.051741031
	165	18.96725	0.34325	0.051857029
	166	16.89075	0.434	0.051973269
	167	15.974	0.43475	0.052089752
	168	14.34225	0.45075	0.052206479
	169	13.79175	0.516	0.052323451
	170	13.6055	0.52975	0.052440667
	171	12.2	0.56475	0.052558128
	172	12.09775	0.5935	0.052675834
	173	11.928	0.5875	0.052793786
	174	11.0395	0.597	0.052911985
	175	11.77025	0.60575	0.05303043
	176	14.9985	0.5505	0.053149123
	177	19.26425	0.45575	0.053268063
	178	22.49325	0.369	0.053387252
	179	25.59325	0.27525	0.053506688
	180	26.8675	0.2315	0.053626374
	181	28.6305	0.17375	0.053746309
	182	28.23925	0.1455	0.053866494
	183	28.6995	0.14275	0.053986929
	184	29.346	0.12925	0.054107615
	185	28.607	0.11475	0.054228552
	186	26.9845	0.1315	0.054349741
	187	25.4285	0.1605	0.054471182
	188	24.05025	0.19425	0.054592875
	189	22.42325	0.22325	0.054714821
	190	21.712	0.2535	0.05483702
	191	20.84175	0.293	0.054959473
	192	19.5735	0.33875	0.05508218
	193	19.4245	0.351	0.055205142
	194	20.69225	0.3085	0.055328359
	195	20.04325	0.33525	0.055451832
	196	18.9905	0.36575	0.055575561
	197	16.99125	0.40675	0.055699546
	198	14.324	0.489	0.055823787
	199	13.47225	0.5265	0.055948287
	200	16.867	0.491	0.056073044
	201	21.225	0.404	0.056198059
	202	25.32675	0.27975	0.056323333
	203	27.0765	0.23975	0.056448866
	204	28.382	0.20375	0.056574658
	205	29.68425	0.188	0.05670071
	206	30.74875	0.16275	0.056827023
	207	28.879	0.19975	0.056953597
	208	27.6225	0.22875	0.057080432
	209	26.1465	0.2545	0.057207529
	210	24.448	0.276	0.057334888
	211	22.54975	0.29875	0.05746251
	212	20.12675	0.32675	0.057590395
	213	18.2475	0.31825	0.057718543
	214	17.10575	0.2805	0.057846956
	215	15.7175	0.29125	0.057975633
	216	14.547	0.31725	0.058104575
	217	13.1545	0.352	0.058233782
	218	12.40025	0.368	0.058363255
	219	11.126	0.4025	0.058492994
	220	11.467	0.42525	0.058623
	221	11.96475	0.44925	0.058753274
	222	11.88025	0.479	0.058883814
	223	11.096	0.55025	0.059014623
	224	11.40025	0.50025	0.059145701
	225	11.46125	0.4725	0.059277047
	226	11.21175	0.5035	0.059408663
	227	11.60675	0.50775	0.059540549
	228	12.2	0.4945	0.059672705
	229	14.15125	0.44475	0.059805132
	230	14.41475	0.44325	0.05993783
	231	14.04775	0.46375	0.0600708
	232	12.079	0.5485	0.060204043
	233	10.01825	0.66825	0.060337557
	234	8.81675	0.8095	0.060471345
	235	8.506	0.8645	0.060605407
	236	8.1575	0.8835	0.060739742
	237	8.16375	0.8905	0.060874352
	238	8.2325	0.8955	0.061009236
	239	8.344	0.9005	0.061144397
	240	8.2885	0.90125	0.061279832
	241	8.36275	0.90575	0.061415545
	242	8.5185	0.9085	0.061551534
	243	8.5495	0.90375	0.0616878
	244	8.4625	0.893	0.061824344
	245	8.43775	0.878	0.061961165
	246	8.3505	0.8635	0.062098266
	247	8.475	0.8655	0.062235645
	248	8.86	0.86775	0.062373305
	249	9.24975	0.8545	0.062511244
	250	9.5705	0.8155	0.062649463
	251	9.41675	0.785	0.062787963
	252	9.45375	0.803	0.062926745
	253	9.3605	0.80375	0.063065808
	254	8.67375	0.8265	0.063205154
	255	8.13225	0.854	0.063344782
	256	9.268	0.8615	0.063484694
	257	9.90925	0.8315	0.063624889
	258	9.6875	0.819	0.063765369
	259	9.53975	0.8455	0.063906133
	260	8.61575	0.8585	0.064047182
	261	7.726	0.907	0.064188516
	262	7.57525	0.91925	0.064330137
	263	7.53775	0.924	0.064472044
	264	7.569	0.92475	0.064614238
	265	7.36175	0.923	0.064756719
	266	7.19775	0.92075	0.064899488
	267	6.32375	0.91725	0.065042545
	268	5.75075	0.9195	0.065185891
	269	6.12775	0.9245	0.065329526
	270	6.78175	0.92725	0.065473451
	271	7.034	0.9285	0.065617667
	272	7.217	0.927	0.065762172
	273	7.5065	0.92125	0.065906969
	274	7.97	0.9145	0.066052058
	275	8.649	0.8945	0.066197438
	276	9.18175	0.86525	0.066343111
	277	9.49025	0.85075	0.066489077
	278	8.98875	0.86725	0.066635336
	279	7.9575	0.90525	0.066781889
	280	7.50025	0.9185	0.066928737
	281	7.173	0.9255	0.067075879
	282	6.813	0.934	0.067223317
	283	6.86375	0.94075	0.06737105
	284	6.77525	0.94075	0.06751908
	285	6.28025	0.93475	0.067667406
	286	6.14675	0.9315	0.06781603
	287	5.88525	0.9285	0.067964951
	288	5.2045	0.927	0.068114171
	289	4.395	0.931	0.068263688
	290	3.45875	0.93825	0.068413505
	291	3.1685	0.94575	0.068563622
	292	2.46275	0.95275	0.068714038
	293	2.0065	0.959	0.068864755
	294	1.9865	0.962	0.069015773
	295	3.19625	0.961	0.069167092
	296	6.47325	0.939	0.069318713
	297	10.21025	0.834	0.069470637
	298	13.02725	0.67275	0.069622863
	299	14.63025	0.5765	0.069775393
	300	15.7	0.514	0.069928226
	301	15.9265	0.48375	0.070081364
	302	17.28425	0.4385	0.070234806
	303	17.87275	0.3905	0.070388553
	304	18.1285	0.36175	0.070542606
	305	18.4735	0.34025	0.070696966
	306	18.8955	0.34	0.070851631
	307	17.5875	0.364	0.071006604
	308	16.963	0.38225	0.071161885
	309	15.59875	0.41325	0.071317473
	310	14.313	0.471	0.07147337
	311	12.835	0.53575	0.071629576
	312	10.946	0.6025	0.071786091
	313	9.5335	0.73175	0.071942916
	314	8.53075	0.793	0.072100052
	315	8.65525	0.805	0.072257498
	316	7.60675	0.79625	0.072415256
	317	7.88225	0.8	0.072573325
	318	7.03425	0.7995	0.072731707
	319	7.66225	0.81125	0.072890402
	320	10.4345	0.784	0.073049409
	321	14.792	0.6635	0.073208731
	322	15.40725	0.54825	0.073368366
	323	17.0105	0.478	0.073528317
	324	17.439	0.45125	0.073688582
	325	18.55075	0.4025	0.073849163
	326	18.97275	0.39075	0.07401006
	327	18.41375	0.40575	0.074171273
	328	17.50425	0.41725	0.074332804
	329	16.3915	0.40625	0.074494652
	330	15.84325	0.3745	0.074656818
	331	15.282	0.393	0.074819302
	332	13.87	0.47625	0.074982105
	333	13.1905	0.50075	0.075145228
	334	12.521	0.527	0.075308671
	335	11.53975	0.617	0.075472433
	336	10.528	0.70175	0.075636517
	337	9.373	0.77325	0.075800922
	338	8.99625	0.72925	0.075965649
	339	8.60575	0.784	0.076130698
	340	8.83525	0.7665	0.076296069
	341	8.99625	0.75025	0.076461764
	342	8.87225	0.73775	0.076627783
	343	8.773	0.734	0.076794125
	344	9.50225	0.724	0.076960792
	345	11.0225	0.6215	0.077127785
	346	11.98275	0.57225	0.077295102
	347	13.13025	0.5155	0.077462746
	348	15.276	0.42725	0.077630717
	349	16.695	0.36925	0.077799014
	350	17.825	0.3275	0.077967639
	351	19.169	0.277	0.078136592
	352	19.67425	0.26125	0.078305873
	353	19.17475	0.268	0.078475483
	354	19.18675	0.26575	0.078645422
	355	18.515	0.2785	0.078815691
	356	16.99875	0.35175	0.078986291
	357	15.28175	0.40575	0.079157221
	358	13.2925	0.48475	0.079328483
	359	11.503	0.55625	0.079500076
	360	10.60175	0.61725	0.079672001
	361	10.20375	0.62375	0.07984426
	362	9.93375	0.619	0.080016851
	363	9.2995	0.6295	0.080189776
	364	8.3935	0.64575	0.080363035
	365	7.93825	0.66475	0.080536628
	366	7.31	0.6655	0.080710557
	367	7.5875	0.6885	0.080884821
	368	12.3745	0.4785	0.081059421
	369	15.568	0.38975	0.081234358
	370	18.527	0.31225	0.081409631
	371	20.2575	0.227	0.081585242
	372	21.19275	0.21425	0.081761191
	373	21.742	0.21	0.081937479
	374	21.969	0.21325	0.082114105
	375	22.5675	0.2185	0.08229107
	376	22.7945	0.2255	0.082468375
	377	23.49075	0.223	0.082646021
	378	22.6565	0.2485	0.082824007
	379	21.658	0.2715	0.083002334
	380	20.3885	0.3	0.083181003
	381	18.50325	0.34975	0.083360014
	382	17.13525	0.3875	0.083539368
	383	14.499	0.47825	0.083719065
	384	13.50925	0.527	0.083899105
	385	13.1905	0.54925	0.08407949
	386	12.95575	0.55825	0.084260219
	387	11.7525	0.61175	0.084441293
	388	11.33925	0.6435	0.084622712
	389	11.321	0.62825	0.084804478
	390	9.9565	0.66175	0.084986589
	391	9.638	0.7085	0.085169048
	392	12.04325	0.71625	0.085351854
	393	16.08075	0.52175	0.085535008
	394	17.629	0.45825	0.08571851
	395	19.2165	0.41825	0.08590236
	396	20.6565	0.372	0.08608656
	397	21.5865	0.3585	0.08627111
	398	22.9865	0.29775	0.08645601
	399	24.0685	0.251	0.08664126
	400	24.6955	0.23975	0.086826862
	401	25.0105	0.22425	0.087012815
	402	24.24975	0.239	0.08719912
	403	23.6535	0.25575	0.087385778
	404	22.36425	0.29275	0.087572788
	405	18.67575	0.39825	0.087760152
	406	17.09375	0.4845	0.08794787
	407	17.18925	0.45825	0.088135943
	408	16.01575	0.49475	0.08832437
	409	14.2415	0.56225	0.088513152
	410	14.43325	0.60375	0.08870229
	411	13.48525	0.6315	0.088891785
	412	13.29275	0.644	0.089081636
	413	13.521	0.65175	0.089271844
	414	12.146	0.7175	0.08946241
	415	12.48225	0.73875	0.089653334
	416	15.824	0.645	0.089844617
	417	19.98425	0.48975	0.090036259
	418	21.43725	0.38475	0.09022826
	419	22.3695	0.30575	0.090420621
	420	22.65075	0.3035	0.090613342
	421	24.6355	0.24375	0.090806425
	422	25.20425	0.2	0.090999868
	423	25.95125	0.1745	0.091193674
	424	26.65875	0.1635	0.091387842
	425	27.211	0.15175	0.091582372
	426	27.0705	0.15125	0.091777266
	427	26.09775	0.157	0.091972524
	428	25.02525	0.19425	0.092168145
	429	20.79475	0.278	0.092364131
	430	18.521	0.30875	0.092560482
	431	16.8025	0.34225	0.092757199
	432	16.052	0.3475	0.092954282
	433	14.427	0.3905	0.093151731
	434	13.81325	0.42825	0.093349547
	435	12.49075	0.4755	0.09354773
	436	12.54575	0.48425	0.093746281
	437	13.23075	0.473	0.0939452
	438	14.0015	0.421	0.094144488
	439	13.63475	0.447	0.094344146
	440	16.8195	0.43475	0.094544172
	441	21.356	0.356	0.094744569
	442	25.78225	0.27	0.094945337
	443	26.843	0.256	0.095146475
	444	27.96125	0.179	0.095347985
	445	29.091	0.12025	0.095549867
	446	30.39525	0.09925	0.095752121
	447	31.192	0.09125	0.095954748
	448	31.65175	0.0935	0.096157748
	449	30.49525	0.11925	0.096361122
	450	29.2335	0.142	0.09656487
	451	28.978	0.1775	0.096768992
	452	27.5115	0.20925	0.09697349
	453	24.94375	0.2525	0.097178363
	454	23.0765	0.312	0.097383612
	455	21.8855	0.35	0.097589238
	456	20.96625	0.345	0.09779524
	457	21.46725	0.30575	0.09800162
	458	20.657	0.3335	0.098208378
	459	18.842	0.37975	0.098415514
	460	17.8905	0.406	0.098623028
	461	17.92075	0.405	0.098830921
	462	16.24775	0.4585	0.099039195
	463	15.07275	0.53525	0.099247848
	464	19.157	0.43075	0.099456881
	465	21.42	0.34325	0.099666295
	466	23.222	0.31075	0.099876091
	467	25.28875	0.25	0.100086269
	468	26.33575	0.23725	0.100296828
	469	27.888	0.197	0.100507771
	470	29.427	0.189	0.100719096
	471	29.6475	0.184	0.100930805
	472	29.69025	0.1845	0.101142898
	473	29.29625	0.185	0.101355375
	474	27.95525	0.2195	0.101568237
	475	27.505	0.20875	0.101781485
	476	26.88525	0.19925	0.101995118
	477	25.9755	0.19225	0.102209138
	478	23.205	0.25975	0.102423544
	479	23.635	0.27025	0.102638337
	480	22.46	0.312	0.102853517
	481	20.6685	0.38125	0.103069086
	482	20.442	0.38775	0.103285042
	483	19.90025	0.41125	0.103501388
	484	19.5495	0.42175	0.103718123
	485	18.711	0.4695	0.103935247
	486	18.39	0.4755	0.104152762
	487	18.53875	0.4655	0.104370667
	488	18.8895	0.487	0.104588963
	489	19.7755	0.48275	0.10480765
	490	20.69225	0.46325	0.105026729
	491	20.81125	0.462	0.105246201
	492	21.808	0.41775	0.105466065
	493	23.7555	0.361	0.105686322
	494	25.9635	0.29475	0.105906972
	495	26.1105	0.25325	0.106128017
	496	26.83025	0.25775	0.106349456
	497	27.0395	0.25325	0.106571289
	498	26.4345	0.2585	0.106793518
	499	24.52625	0.30325	0.107016143
	500	23.779	0.31125	0.107239163
	501	22.489	0.33775	0.10746258
	502	21.74175	0.3505	0.107686394
	503	20.78175	0.35575	0.107910605
	504	19.811	0.371	0.108135214
	505	18.69325	0.419	0.108360221
	506	19.1095	0.44125	0.108585627
	507	18.812	0.4815	0.108811431
	508	18.33675	0.493	0.109037635
	509	17.8075	0.4875	0.109264239
	510	17.45075	0.523	0.109491243
	511	16.808	0.55725	0.109718648
	512	17.62925	0.56225	0.109946453
	513	18.699	0.508	0.110174661
	514	19.15675	0.45575	0.110403269
	515	20.1205	0.429	0.110632281
	516	20.04325	0.44425	0.110861695
	517	19.8825	0.49725	0.111091512
	518	20.884	0.473	0.111321732
	519	22.89025	0.399	0.111552357
	520	23.136	0.3755	0.111783385
	521	22.45325	0.35325	0.112014819
	522	22.08825	0.3645	0.112246657
	523	21.30625	0.415	0.112478902
	524	20.9545	0.46875	0.112711552
	525	20.1325	0.51675	0.112944608
	526	19.0085	0.54125	0.113178071
	527	18.46725	0.56375	0.113411941
	528	17.956	0.59225	0.113646219
	529	16.80775	0.632	0.113880904
	530	15.6045	0.6765	0.114115998
	531	15.21075	0.65925	0.114351501
	532	14.924	0.61475	0.114587413
	533	14.433	0.701	0.114823734
	534	14.72075	0.69225	0.115060465
	535	15.07925	0.60625	0.115297606
	536	14.84025	0.64325	0.115535158
	537	16.32575	0.63625	0.115773121
	538	18.497	0.51125	0.116011496
	539	21.20525	0.421	0.116250282
	540	22.97425	0.355	0.116489481
	541	23.70125	0.3205	0.116729092
	542	24.9495	0.292	0.116969116
	543	25.3615	0.28375	0.117209554
	544	24.056	0.2965	0.117450405
	545	21.35575	0.37425	0.117691671
	546	19.157	0.509	0.117933351
	547	17.61125	0.587	0.118175445
	548	18.295	0.53975	0.118417956
	549	17.20675	0.58075	0.118660881
	550	17.7125	0.54775	0.118904223
	551	17.46875	0.4705	0.119147981
	552	15.258	0.548	0.119392156
	553	15.693	0.53275	0.119636748
	554	17.2785	0.4275	0.119881758
	555	15.84875	0.4625	0.120127185
	556	17.1145	0.4265	0.120373031
	557	15.7355	0.46175	0.120619296
	558	15.097	0.50025	0.120865979
	559	15.40175	0.51325	0.121113082
	560	17.04	0.498	0.121360604
	561	20.18675	0.40325	0.121608547
	562	22.801	0.34225	0.121856909
	563	24.48475	0.28825	0.122105693
	564	25.19875	0.23	0.122354898
	565	26.45725	0.22025	0.122604525
	566	26.708	0.20225	0.122854573
	567	26.70225	0.19075	0.123105044
	568	27.87525	0.18	0.123355937
	569	27.69625	0.1855	0.123607253
	570	27.937	0.1715	0.123858992
	571	27.01425	0.18025	0.124111155
	572	25.39225	0.202	0.124363742
	573	23.56975	0.24175	0.124616754
	574	21.2885	0.33275	0.12487019
	575	20.95425	0.34625	0.125124051
	576	20.74575	0.34525	0.125378338
	577	19.93625	0.3685	0.12563305
	578	18.58625	0.42425	0.125888188
	579	17.8315	0.43725	0.126143753
	580	18.2	0.39575	0.126399744
	581	17.18325	0.41925	0.126656163
	582	16.27225	0.44025	0.126913009
	583	16.701	0.445	0.127170283
	584	19.45475	0.41725	0.127427985
	585	22.0475	0.39025	0.127686115
	586	24.5825	0.30325	0.127944674
	587	26.42675	0.23475	0.128203663
	588	26.74675	0.21275	0.12846308
	589	27.34225	0.20175	0.128722928
	590	25.95975	0.2195	0.128983205
	591	28.23975	0.199	0.129243913
	592	27.9695	0.187	0.129505052
	593	27.5505	0.196	0.129766622
	594	26.158	0.2	0.130028623
	595	26.35975	0.20325	0.130291056
	596	25.82975	0.19375	0.130553921
	597	24.68425	0.20575	0.130817218
	598	20.75975	0.2795	0.131080947
	599	19.32975	0.33625	0.13134511
	600	18.00975	0.375	0.131609706
	601	14.618	0.49775	0.131874736
	602	14.7545	0.531	0.1321402
	603	14.19375	0.5475	0.132406097
	604	13.84	0.5365	0.13267243
	605	12.6465	0.584	0.132939197
	606	11.33925	0.66125	0.133206399
	607	12.079	0.65175	0.133474036
	608	15.94275	0.553	0.13374211
	609	20.94375	0.45525	0.134010619
	610	24.13075	0.369	0.134279565
	611	26.122	0.26225	0.134548947
	612	27.4875	0.2355	0.134818767
	613	28.0295	0.222	0.135089023
	614	28.6985	0.21225	0.135359717
	615	29.4335	0.20075	0.135630849
	616	29.40225	0.189	0.135902418
	617	29.1025	0.185	0.136174427
	618	29.02175	0.18975	0.136446874
	619	28.47	0.195	0.136719759
	620	26.185	0.2235	0.136993084
	621	23.75075	0.26675	0.137266849
	622	22.27975	0.2865	0.137541053
	623	19.9005	0.368	0.137815697
	624	18.5385	0.44575	0.138090782
	625	18.64575	0.43375	0.138366307
	626	18.00975	0.461	0.138642273
	627	17.90275	0.479	0.138918681
	628	19.20475	0.43225	0.13919553
	629	19.86475	0.4035	0.13947282
	630	20.27575	0.39875	0.139750552
	631	20.287	0.417	0.140028727
	632	20.29875	0.45475	0.140307344
	633	21.98775	0.39825	0.140586404
	634	24.4305	0.352	0.140865907
	635	24.4725	0.3525	0.141145853
	636	24.94975	0.35075	0.141426242
	637	25.477	0.332	0.141707075
	638	25.164	0.35575	0.141988353
	639	23.99	0.38125	0.142270074
	640	17.8565	0.60825	0.142552241
	641	18.71125	0.57775	0.142834852
	642	18.961	0.6025	0.143117907
	643	20.57575	0.56525	0.143401409
	644	17.86625	0.64175	0.143685355
	645	14.75025	0.7845	0.143969748
	646	14.78625	0.8175	0.144254586
	647	14.65475	0.8265	0.144539871
	648	14.36725	0.81725	0.144825602
	649	13.43625	0.8045	0.14511178
	650	12.94375	0.8155	0.145398404
	651	12.085	0.821	0.145685476
	652	11.90375	0.8305	0.145972995
	653	11.4245	0.82175	0.146260962
	654	11.114	0.84375	0.146549377
	655	11.30025	0.84125	0.146838239
	656	15.274	0.7775	0.14712755
	657	18.68725	0.65975	0.14741731
	658	20.38875	0.59825	0.147707518
	659	21.58675	0.552	0.147998175
	660	22.3995	0.53125	0.148289281
	661	23.172	0.50775	0.148580836
	662	24.074	0.49475	0.148872841
	663	24.58775	0.46725	0.149165296
	664	25.39175	0.44275	0.149458201
	665	25.6655	0.43625	0.149751555
	666	24.7755	0.4405	0.150045361
	667	23.3765	0.459	0.150339616
	668	22.33975	0.46975	0.150634323
	669	20.258	0.60775	0.15092948
	670	17.16525	0.66075	0.151225089
	671	16.6415	0.67275	0.151521149
	672	16.1355	0.72525	0.15181766
	673	16.2725	0.711	0.152114623
	674	16.14725	0.69575	0.152412038
	675	15.89725	0.708	0.152709906
	676	14.89375	0.72675	0.153008225
	677	14.73225	0.742	0.153306997
	678	14.43925	0.748	0.153606221
	679	14.53975	0.75725	0.153905899
	680	18.21775	0.66825	0.154206029
	681	20.52	0.567	0.154506612
	682	22.831	0.47675	0.154807649
	683	24.06825	0.4385	0.155109139
	684	24.974	0.4005	0.155411083
	685	25.769	0.358	0.15571348
	686	26.873	0.3255	0.156016332
	687	27.46225	0.31075	0.156319637
	688	27.8565	0.30525	0.156623397
	689	27.69675	0.3045	0.156927611
	690	27.64175	0.31725	0.15723228
	691	25.54375	0.33875	0.157537404
	692	24.842	0.34725	0.157842982
	693	22.66275	0.375	0.158149016
	694	21.38375	0.43425	0.158455505
	695	19.96575	0.48675	0.158762448
	696	20.40675	0.46775	0.159069848
	697	19.532	0.483	0.159377703
	698	18.19975	0.56175	0.159686014
	699	18.28325	0.5145	0.15999478
	700	17.58175	0.54525	0.160304003
	701	17.32	0.55425	0.160613681
	702	17.201	0.56025	0.160923816
	703	15.9565	0.62075	0.161234407
	704	17.15275	0.6325	0.161545455
	705	21.5035	0.52825	0.161856959
	706	24.62625	0.44125	0.162168921
	707	26.05475	0.3405	0.162481338
	708	26.506	0.30725	0.162794213
	709	27.38525	0.2615	0.163107545
	710	28.601	0.24025	0.163421334
	711	29.578	0.22225	0.16373558
	712	29.135	0.224	0.164050284
	713	28.98475	0.2285	0.164365445
	714	27.64725	0.236	0.164681064
	715	27.29675	0.2545	0.16499714
	716	26.80975	0.251	0.165313674
	717	24.57575	0.31475	0.165630666
	718	22.38875	0.38975	0.165948116
	719	20.71025	0.424	0.166266024
	720	18.4315	0.48525	0.16658439
	721	16.00425	0.57375	0.166903214
	722	15.98025	0.574	0.167222496
	723	16.11725	0.55925	0.167542237
	724	14.28325	0.6135	0.167862436
	725	15.13875	0.60325	0.168183094
	726	13.66475	0.6465	0.16850421
	727	15.32975	0.60425	0.168825785
	728	18.51475	0.525	0.169147819
	729	22.33775	0.487	0.169470311
	730	26.1105	0.37625	0.169793262
	731	28.2465	0.29875	0.170116672
	732	29.247	0.2645	0.170440541
	733	30.14225	0.21725	0.170764869
	734	29.30475	0.20875	0.171089656
	735	24.68975	0.29375	0.171414902
	736	25.85925	0.307	0.171740608
	737	24.82925	0.35775	0.172066772
	738	23.03425	0.39575	0.172393396
	739	22.6745	0.39475	0.172720478
	740	22.573	0.33325	0.173048021
	741	21.223	0.33125	0.173376022
	742	20.04925	0.36375	0.173704483
	743	18.56275	0.4515	0.174033403
	744	19.0975	0.3955	0.174362783
	745	18.42575	0.4115	0.174692622
	746	17.433	0.44525	0.17502292
	747	16.6595	0.5005	0.175353678
	748	16.469	0.5315	0.175684896
	749	16.445	0.513	0.176016573
	750	15.336	0.5735	0.176348709
	751	15.02525	0.62325	0.176681305
	752	17.18275	0.605	0.17701436
	753	19.794	0.544	0.177347875
	754	23.353	0.424	0.17768185
	755	24.835	0.38	0.178016284
	756	25.7505	0.35075	0.178351177
	757	25.92325	0.3265	0.17868653
	758	25.56525	0.3315	0.179022343
	759	25.436	0.333	0.179358615
	760	22.1845	0.39825	0.179695346
	761	23.70475	0.3725	0.180032537
	762	25.623	0.34	0.180370188
	763	25.33775	0.33625	0.180708297
	764	24.159	0.39625	0.181046866
	765	20.95475	0.47375	0.181385895
	766	20.1445	0.43025	0.181725383
	767	17.8905	0.49975	0.18206533
	768	15.9265	0.57375	0.182405736
	769	15.45525	0.58325	0.182746601
	770	15.0375	0.6095	0.183087926
	771	14.63075	0.6165	0.18342971
	772	14.41525	0.6225	0.183771952
	773	12.88025	0.64025	0.184114654
	774	10.9985	0.72975	0.184457815
	775	12.798	0.6925	0.184801434
	776	17.1575	0.5995	0.185145513
	777	21.034	0.486	0.18549005
	778	25.7105	0.3655	0.185835046
	779	26.9285	0.305	0.1861805
	780	26.40375	0.3065	0.186526414
	781	27.26025	0.30225	0.186872785
	782	27.34675	0.29975	0.187219615
	783	28.1505	0.28725	0.187566904
	784	28.37375	0.284	0.18791465
	785	27.186	0.312	0.188262855
	786	27.68975	0.29675	0.188611518
	787	27.9305	0.28125	0.188960639
	788	26.771	0.30725	0.189310218
	789	22.8565	0.3985	0.189660254
	790	20.34675	0.444	0.190010748
	791	18.84775	0.50725	0.1903617
	792	18.069	0.54225	0.19071311
	793	17.8075	0.535	0.191064976
	794	18.218	0.458	0.191417301
	795	18.48525	0.42775	0.191770082
	796	19.6865	0.37425	0.19212332
	797	19.51975	0.358	0.192477015
	798	19.48425	0.34925	0.192831167
	799	17.33125	0.4145	0.193185776
	800	20.64525	0.3835	0.193540841
	801	23.564	0.36525	0.193896363
	802	25.9515	0.2865	0.194252341
	803	26.683	0.25725	0.194608775
	804	28.03575	0.262	0.194965665
	805	29.44675	0.21425	0.195323011
	806	29.5155	0.193	0.195680813
	807	29.80975	0.20725	0.19603907
	808	28.66825	0.21075	0.196397783
	809	27.638	0.2265	0.196756951
	810	25.8795	0.2665	0.197116574
	811	24.672	0.33225	0.197476652
	812	24.21975	0.30375	0.197837184
	813	22.639	0.30325	0.198198172
	814	21.4195	0.327	0.198559614
	815	21.44925	0.33275	0.19892151
	816	20.5255	0.362	0.19928386
	817	20.29925	0.3835	0.199646664
	818	20.41225	0.376	0.200009922
	819	19.79925	0.3875	0.200373634
	820	19.60875	0.37675	0.200737799
	821	18.69325	0.38225	0.201102417
	822	17.59325	0.411	0.201467488
	823	15.99225	0.47025	0.201833011
	824	15.2825	0.53225	0.202198988
	825	15.5265	0.5615	0.202565416
	826	17.53975	0.5145	0.202932297
	827	18.925	0.4755	0.20329963
	828	19.82925	0.4425	0.203667415
	829	21.13325	0.3965	0.204035651
	830	22.1905	0.36725	0.204404338
	831	23.13075	0.3185	0.204773477
	832	24.159	0.28325	0.205143066
	833	24.00175	0.26925	0.205513106
	834	23.954	0.2515	0.205883597
	835	23.20975	0.24575	0.206254538
	836	22.017	0.24475	0.206625928
	837	19.4605	0.2645	0.206997769
	838	16.38425	0.336	0.207370058
	839	14.9415	0.42725	0.207742797
	840	15.67	0.451	0.208115985
	841	14.451	0.48625	0.208489622
	842	13.281	0.52075	0.208863707
	843	12.001	0.58975	0.20923824
	844	10.9005	0.64875	0.209613221
	845	9.669	0.68375	0.20998865
	846	8.56725	0.706	0.210364526
	847	9.416	0.686	0.21074085
	848	13.24225	0.6315	0.21111762
	849	16.07475	0.5065	0.211494837
	850	18.53275	0.464	0.2118725
	851	20.728	0.392	0.212250609
	852	21.354	0.35975	0.212629163
	853	21.8735	0.338	0.213008163
	854	22.885	0.315	0.213387609
	855	23.59275	0.2975	0.213767499
	856	24.46	0.26975	0.214147833
	857	24.78075	0.26	0.214528612
	858	24.9985	0.262	0.214909835
	859	24.24925	0.25575	0.215291501
	860	22.933	0.2675	0.215673611
	861	19.4435	0.36625	0.216056163
	862	16.03925	0.49275	0.216439158
	863	14.565	0.5605	0.216822596
	864	13.7555	0.5495	0.217206475
	865	12.1215	0.5755	0.217590797
	866	10.74775	0.64225	0.217975559
	867	10.363	0.667	0.218360763
	868	10.58725	0.64475	0.218746407
	869	9.124	0.69775	0.219132491
	870	8.59725	0.6955	0.219519016
	871	9.93325	0.65125	0.21990598
	872	14.6155	0.55425	0.220293383
	873	19.56175	0.424	0.220681225
	874	22.71925	0.36575	0.221069506
	875	24.8895	0.29425	0.221458224
	876	26.23725	0.3055	0.221847381
	877	27.47525	0.256	0.222236975
	878	29.10975	0.206	0.222627006
	879	30.338	0.1815	0.223017474
	880	31.46675	0.17425	0.223408378
	881	32.19525	0.1585	0.223799718
	882	32.035	0.13975	0.224191494
	883	31.93925	0.15475	0.224583705
	884	29.611	0.20475	0.22497635
	885	23.92075	0.35575	0.22536943
	886	20.0985	0.441	0.225762944
	887	19.31175	0.49375	0.226156891
	888	17.516	0.46075	0.226551272
	889	17.03425	0.426	0.226946085
	890	16.13525	0.43775	0.22734133
	891	15.6225	0.454	0.227737008
	892	15.19875	0.47875	0.228133117
	893	13.5195	0.536	0.228529657
	894	14.76075	0.4895	0.228926627
	895	14.3245	0.545	0.229324028
	896	17.908	0.50675	0.229721858
	897	22.85525	0.41025	0.230120118
	898	24.54	0.29075	0.230518807
	899	26.4025	0.2355	0.230917924
	900	27.70325	0.25675	0.231317469
	901	29.3465	0.22875	0.231717442
	902	29.75975	0.224	0.232117842
	903	29.6465	0.19775	0.232518668
	904	30.521	0.17875	0.232919921
	905	29.3595	0.19375	0.233321599
	906	28.93575	0.208	0.233723703
	907	27.73375	0.25675	0.234126231
	908	25.5625	0.311	0.234529184
	909	21.74825	0.426	0.23493256
	910	20.9435	0.46675	0.23533636
	911	19.63325	0.48275	0.235740582
	912	16.98575	0.504	0.236145227
	913	15.68825	0.52125	0.236550294
	914	15.342	0.516	0.236955782
	915	16.43925	0.47025	0.237361691
	916	15.55075	0.5175	0.23776802
	917	15.14475	0.52325	0.238174769
	918	14.00775	0.61125	0.238581938
	919	15.45475	0.55875	0.238989525
	920	17.67675	0.554	0.239397531
	921	19.9665	0.5025	0.239805955
	922	21.68225	0.43625	0.240214795
	923	22.89075	0.40175	0.240624053
	924	24.9745	0.40725	0.241033727
	925	25.9085	0.3695	0.241443816
	926	26.71375	0.357	0.241854321
	927	25.94525	0.35475	0.24226524
	928	25.3375	0.39475	0.242676573
	929	25.28425	0.40375	0.24308832
	930	25.85375	0.37775	0.243500479
	931	25.726	0.35075	0.243913052
	932	24.17675	0.43875	0.244326036
	933	23.04175	0.477	0.244739431
	934	21.4195	0.56675	0.245153237
	935	20.06125	0.615	0.245567453
	936	19.86475	0.654	0.245982079
	937	19.8945	0.64875	0.246397114
	938	18.1345	0.67625	0.246812557
	939	17.80775	0.68425	0.247228408
	940	16.89125	0.73175	0.247644666
	941	16.61175	0.738	0.248061331
	942	16.5405	0.744	0.248478402
	943	16.3375	0.75775	0.248895879
	944	19.70475	0.71025	0.24931376
	945	24.042	0.60775	0.249732046
	946	26.9835	0.475	0.250150735
	947	28.289	0.43925	0.250569828
	948	29.31125	0.3875	0.250989323
	949	30.338	0.36525	0.25140922
	950	31.03925	0.34275	0.251829518
	951	31.54175	0.279	0.252250216
	952	32.67775	0.26675	0.252671315
	953	32.2725	0.24675	0.253092813
	954	31.58225	0.26625	0.253514709
	955	29.73375	0.30025	0.253937004
	956	28.773	0.3125	0.254359696
	957	26.77575	0.35775	0.254782785
	958	25.96925	0.37575	0.25520627
	959	27.015	0.32275	0.255630151
	960	24.71825	0.38575	0.256054426
	961	22.98025	0.45475	0.256479096
	962	21.73625	0.51925	0.256904159
	963	20.75175	0.5705	0.257329615
	964	18.4435	0.706	0.257755463
	965	16.9685	0.79875	0.258181702
	966	16.088	0.8685	0.258608333
	967	15.75375	0.89925	0.259035353
	968	15.4435	0.92525	0.259462763
	969	16.17675	0.936	0.259890562
	970	18.1165	0.919	0.260318749
	971	21.016	0.80375	0.260747323
	972	24.3675	0.61075	0.261176284
	973	25.1925	0.54075	0.261605631
	974	26.201	0.5065	0.262035364
	975	26.971	0.48575	0.26246548
	976	26.537	0.47575	0.262895981
	977	24.6525	0.49175	0.263326865
	978	23.76725	0.572	0.263758131
	979	22.81225	0.6385	0.264189779
	980	22.02325	0.5735	0.264621809
	981	20.52525	0.58825	0.265054218
	982	20.51975	0.59425	0.265487007
	983	19.93	0.60775	0.265920175
	984	17.4625	0.705	0.26635372
	985	16.80225	0.77925	0.266787643
	986	16.159	0.8405	0.267221943
	987	15.2525	0.8675	0.267656619
	988	15.115	0.86375	0.268091669
	989	15.21675	0.86675	0.268527094
	990	15.15675	0.85375	0.268962893
	991	15.43775	0.8055	0.269399064
	992	17.41475	0.74925	0.269835608
	993	20.6805	0.66425	0.270272522
	994	22.065	0.615	0.270709807
	995	24.15375	0.53175	0.271147462
	996	25.42925	0.444	0.271585486
	997	26.274	0.41325	0.272023878
	998	27.3455	0.37325	0.272462638
	999	28.20275	0.3475	0.272901764
	1000	28.568	0.35075	0.273341255
	1001	28.74825	0.33375	0.273781112
	1002	27.928	0.31875	0.274221333
	1003	26.51275	0.35825	0.274661917
	1004	24.07075	0.42175	0.275102864
	1005	21.874	0.473	0.275544173
	1006	19.734	0.557	0.275985843
	1007	17.6825	0.644	0.276427873
	1008	17.4745	0.6475	0.276870262
	1009	16.26625	0.70525	0.27731301
	1010	15.52675	0.73825	0.277756115
	1011	16.20075	0.73625	0.278199577
	1012	14.67175	0.746	0.278643396
	1013	13.76775	0.80275	0.279087569
	1014	13.55125	0.824	0.279532097
	1015	14.373	0.812	0.279976978
	1016	18.158	0.774	0.280422212
	1017	19.704	0.6975	0.280867798
	1018	22.839	0.5995	0.281313735
	1019	24.5395	0.496	0.281760021
	1020	25.44675	0.4405	0.282206657
	1021	25.73225	0.428	0.282653642
	1022	26.372	0.40425	0.283100974
	1023	26.15825	0.407	0.283548652
	1024	27.21125	0.3725	0.283996676
	1025	26.9285	0.363	0.284445046
	1026	25.6355	0.403	0.284893759
	1027	24.442	0.4065	0.285342815
	1028	22.84325	0.48225	0.285792213
	1029	21.43125	0.58925	0.286241953
	1030	20.98425	0.5875	0.286692033
	1031	19.62075	0.64125	0.287142453
	1032	19.1925	0.66925	0.287593212
	1033	18.30675	0.64625	0.288044308
	1034	18.271	0.6655	0.288495741
	1035	17.48625	0.6835	0.28894751
	1036	16.20675	0.77825	0.289399614
	1037	15.64075	0.8535	0.289852052
	1038	15.51525	0.872	0.290304823
	1039	15.68825	0.88875	0.290757927
	1040	17.39125	0.88025	0.291211362
	1041	18.31275	0.7855	0.291665127
	1042	18.8655	0.78875	0.292119221
	1043	20.59725	0.73025	0.292573645
	1044	24.0585	0.61375	0.293028395
	1045	25.81125	0.455	0.293483473
	1046	26.10375	0.418	0.293938876
	1047	27.25375	0.38375	0.294394604
	1048	27.73275	0.38125	0.294850656
	1049	27.64675	0.36875	0.29530703
	1050	27.536	0.3315	0.295763727
	1051	27.08775	0.3485	0.296220744
	1052	24.7385	0.39175	0.296678081
	1053	23.15475	0.40175	0.297135738
	1054	21.90275	0.445	0.297593712
	1055	20.44825	0.49525	0.298052004
	1056	19.12725	0.55675	0.298510611
	1057	18.806	0.6015	0.298969534
	1058	18.5445	0.62325	0.29942877
	1059	18.283	0.65275	0.29988832
	1060	17.879	0.67725	0.300348182
	1061	16.7665	0.73625	0.300808355
	1062	16.195	0.76875	0.301268838
	1063	16.03975	0.76075	0.30172963
	1064	17.474	0.589	0.302190731
	1065	19.84075	0.4865	0.302652139
	1066	20.71625	0.481	0.303113852
	1067	21.11575	0.4985	0.303575871
	1068	23.31775	0.46475	0.304038194
	1069	25.70925	0.4215	0.30450082
	1070	25.99575	0.41875	0.304963748
	1071	27.61675	0.40625	0.305426977
	1072	29.12825	0.33775	0.305890506
	1073	25.90225	0.3745	0.306354334
	1074	24.593	0.399	0.30681846
	1075	24.17675	0.43425	0.307282883
	1076	23.1545	0.495	0.307747602
	1077	21.61075	0.511	0.308212616
	1078	20.734	0.4785	0.308677923
	1079	20.466	0.45225	0.309143523
	1080	19.84075	0.444	0.309609415
	1081	19.28175	0.45875	0.310075597
	1082	18.4735	0.46775	0.310542069
	1083	17.09375	0.5195	0.31100883
	1084	15.90275	0.55275	0.311475878
	1085	15.1925	0.5945	0.311943212
	1086	15.19825	0.676	0.312410832
	1087	16.62975	0.642	0.312878736
	1088	18.039	0.6035	0.313346923
	1089	19.657	0.5905	0.313815392
	1090	21.55675	0.49475	0.314284142
	1091	22.72875	0.40125	0.314753172
	1092	23.9605	0.3995	0.315222481
	1093	24.77475	0.3895	0.315692068
	1094	25.20425	0.39775	0.316161931
	1095	25.37425	0.4015	0.31663207
	1096	25.083	0.42	0.317102483
	1097	24.424	0.4175	0.31757317
	1098	23.85775	0.44275	0.318044129
	1099	21.5165	0.55175	0.318515359
	1100	18.53275	0.69925	0.318986859
	1101	16.29025	0.816	0.319458628
	1102	16.15925	0.81325	0.319930665
	1103	16.34975	0.81225	0.320402969
	1104	16.68925	0.78725	0.320875538
	1105	17.052	0.73575	0.321348371
	1106	16.6	0.75475	0.321821468
	1107	16.6535	0.79275	0.322294827
	1108	16.84375	0.75525	0.322768448
	1109	17.6055	0.631	0.323242328
	1110	17.0105	0.64775	0.323716467
	1111	17.92075	0.56725	0.324190863
	1112	18.33075	0.542	0.324665516
	1113	19.7885	0.55875	0.325140425
	1114	22.595	0.55125	0.325615588
	1115	26.311	0.46475	0.326091003
	1116	27.50525	0.355	0.326566671
	1117	28.16	0.29625	0.327042589
	1118	28.80375	0.28525	0.327518757
	1119	29.272	0.28575	0.327995174
	1120	28.657	0.2875	0.328471838
	1121	24.84075	0.38825	0.328948747
	1122	20.32375	0.59825	0.329425902
	1123	20.87125	0.5145	0.329903301
	1124	19.496	0.596	0.330380942
	1125	19.18075	0.649	0.330858825
	1126	19.10925	0.64025	0.331336947
	1127	19.28175	0.63175	0.331815309
	1128	18.15225	0.681	0.332293909
	1129	17.1115	0.7055	0.332772746
	1130	16.3915	0.713	0.333251818
	1131	16.23675	0.7145	0.333731124
	1132	15.86725	0.706	0.334210663
	1133	15.91475	0.69225	0.334690435
	1134	14.84575	0.7035	0.335170437
	1135	14.79175	0.70775	0.335650668
	1136	18.12825	0.64725	0.336131128
	1137	21.82625	0.51925	0.336611815
	1138	23.7975	0.38875	0.337092728
	1139	24.71375	0.35275	0.337573865
	1140	26.2255	0.32625	0.338055226
	1141	26.5365	0.307	0.338536809
	1142	27.05075	0.291	0.339018614
	1143	27.77	0.28025	0.339500638
	1144	28.46275	0.26275	0.33998288
	1145	29.52775	0.2395	0.34046534
	1146	28.866	0.24975	0.340948017
	1147	28.34525	0.25475	0.341430908
	1148	26.36725	0.267	0.341914012
	1149	22.54675	0.2765	0.34239733
	1150	18.69325	0.4305	0.342880858
	1151	17.49125	0.51925	0.343364596
	1152	16.13525	0.62275	0.343848543
	1153	16.05775	0.56325	0.344332698
	1154	14.18725	0.64425	0.344817059
	1155	14.90025	0.645	0.345301624
	1156	13.24475	0.67425	0.345786394
	1157	13.443	0.69475	0.346271366
	1158	13.052	0.69625	0.346756539
	1159	13.2265	0.70175	0.347241912
	1160	16.52075	0.64325	0.347727484
	1161	21.81725	0.53225	0.348213253
	1162	25.681	0.444	0.348699219
	1163	27.71025	0.29075	0.349185379
	1164	28.80375	0.26075	0.349671733
	1165	29.278	0.236	0.350158279
	1166	30.36275	0.18275	0.350645017
	1167	29.89075	0.1935	0.351131944
	1168	31.0645	0.205	0.35161906
	1169	31.07175	0.203	0.352106363
	1170	30.9765	0.2185	0.352593852
	1171	29.922	0.21475	0.353081525
	1172	27.946	0.23775	0.353569383
	1173	23.4215	0.336	0.354057422
	1174	20.5565	0.467	0.354545642
	1175	19.246	0.51275	0.355034042
	1176	17.1415	0.55175	0.35552262
	1177	15.54875	0.59875	0.356011374
	1178	13.9775	0.6795	0.356500305
	1179	13.557	0.7155	0.35698941
	1180	14.9525	0.659	0.357478688
	1181	14.10775	0.64125	0.357968138
	1182	13.6775	0.68875	0.358457758
	1183	14.05425	0.70175	0.358947547
	1184	17.85475	0.6215	0.359437504
	1185	21.70725	0.5195	0.359927628
	1186	25.6015	0.4035	0.360417917
	1187	26.867	0.3435	0.36090837
	1188	28.50825	0.3095	0.361398985
	1189	29.60275	0.3065	0.361889762
	1190	30.54	0.29525	0.362380699
	1191	29.0475	0.32875	0.362871794
	1192	28.37575	0.34875	0.363363047
	1193	29.49775	0.337	0.363854455
	1194	29.65225	0.31475	0.364346019
	1195	28.7415	0.354	0.364837735
	1196	28.769	0.3785	0.365329604
	1197	23.84325	0.5205	0.365821623
	1198	20.33525	0.62975	0.366313792
	1199	19.66275	0.575	0.366806108
	1200	19.3355	0.4965	0.367298572
	1201	17.27225	0.601	0.36779118
	1202	17.504	0.57725	0.368283933
	1203	17.867	0.54475	0.368776828
	1204	17.71225	0.54475	0.369269865
	1205	17.46875	0.54675	0.369763041
	1206	15.878	0.6105	0.370256357
	1207	16.87325	0.5975	0.370749809
	1208	17.742	0.497	0.371243397
	1209	19.24025	0.50825	0.37173712
	1210	21.94	0.48425	0.372230976
	1211	24.33425	0.426	0.372724964
	1212	26.16475	0.40025	0.373219083
	1213	28.267	0.361	0.373713331
	1214	30.36925	0.2865	0.374207706
	1215	31.8695	0.26875	0.374702208
	1216	31.61225	0.27925	0.375196835
	1217	31.88775	0.249	0.375691586
	1218	31.4335	0.223	0.376186459
	1219	29.992	0.25925	0.376681453
	1220	26.7725	0.32225	0.377176566
	1221	25.45875	0.29675	0.377671798
	1222	23.58675	0.311	0.378167147
	1223	23.232	0.344	0.378662611
	1224	22.53725	0.36375	0.37915819
	1225	21.95675	0.3835	0.379653881
	1226	21.1155	0.40475	0.380149683
	1227	19.383	0.48775	0.380645596
	1228	18.723	0.53025	0.381141617
	1229	17.8965	0.561	0.381637746
	1230	16.993	0.583	0.38213398
	1231	16.6355	0.6065	0.382630319
	1232	18.717	0.635	0.383126761
	1233	21.2715	0.52075	0.383623305
	1234	23.102	0.45625	0.384119949
	1235	25.98325	0.40375	0.384616692
	1236	27.78525	0.37525	0.385113533
	1237	29.078	0.344	0.38561047
	1238	28.0625	0.30625	0.386107502
	1239	29.98525	0.257	0.386604627
	1240	30.2425	0.2355	0.387101844
	1241	30.52	0.22475	0.387599152
	1242	30.3305	0.2405	0.388096549
	1243	29.49	0.237	0.388594034
	1244	27.772	0.27775	0.389091605
	1245	24.3915	0.35	0.389589262
	1246	20.93675	0.47725	0.390087002
	1247	17.97375	0.57925	0.390584824
	1248	16.3615	0.66375	0.391082727
	1249	17.2725	0.59875	0.39158071
	1250	16.588	0.5775	0.392078771
	1251	16.6715	0.54675	0.392576909
	1252	16.028	0.55075	0.393075121
	1253	15.07325	0.6065	0.393573408
	1254	14.68475	0.6215	0.394071767
	1255	14.55875	0.639	0.394570197
	1256	17.24775	0.6265	0.395068697
	1257	22.7235	0.52825	0.395567265
	1258	27.151	0.40725	0.3960659
	1259	27.82525	0.32325	0.396564601
	1260	28.798	0.318	0.397063365
	1261	30.46375	0.26525	0.397562192
	1262	31.79875	0.208	0.398061081
	1263	33.374	0.20075	0.398560029
	1264	33.01775	0.215	0.399059035
	1265	30.8305	0.24425	0.399558099
	1266	29.43375	0.291	0.400057218
	1267	28.6425	0.3255	0.400556391
	1268	27.55475	0.3485	0.401055617
	1269	25.2505	0.39675	0.401554894
	1270	21.4155	0.529	0.402054221
	1271	19.4545	0.657	0.402553597
	1272	18.26525	0.674	0.40305302
	1273	18.98475	0.5655	0.403552488
	1274	17.766	0.55425	0.404052001
	1275	17.74225	0.55825	0.404551556
	1276	16.08725	0.60675	0.405051153
	1277	15.73425	0.612	0.40555079
	1278	14.39725	0.6685	0.406050466
	1279	17.02775	0.593	0.406550179
	1280	20.38275	0.4965	0.407049927
	1281	23.44	0.49375	0.40754971
	1282	26.96075	0.419	0.408049525
	1283	28.52475	0.36475	0.408549373
	1284	30.29425	0.30375	0.40904925
	1285	31.7465	0.269	0.409549156
	1286	32.8475	0.249	0.410049089
	1287	34.35575	0.23975	0.410549048
	1288	35.12325	0.2175	0.411049031
	1289	35.415	0.21675	0.411549037
	1290	35.27575	0.223	0.412049065
	1291	34.56675	0.22875	0.412549112
	1292	31.306	0.297	0.413049179
	1293	27.3355	0.39225	0.413549263
	1294	25.054	0.45375	0.414049362
	1295	22.856	0.50225	0.414549476
	1296	22.0165	0.46625	0.415049603
	1297	21.6525	0.4315	0.415549742
	1298	21.473	0.45975	0.416049891
	1299	19.526	0.58025	0.416550048
	1300	17.1355	0.66125	0.417050213
	1301	17.83125	0.72	0.417550383
	1302	17.558	0.7475	0.418050558
	1303	17.84925	0.76425	0.418550736
	1304	19.80525	0.7225	0.419050916
	1305	21.8915	0.67025	0.419551096
	1306	24.6065	0.59125	0.420051274
	1307	26.4765	0.53675	0.42055145
	1308	27.83825	0.49375	0.421051622
	1309	29.15275	0.46775	0.421551788
	1310	30.87475	0.399	0.422051947
	1311	32.71925	0.3445	0.422552098
	1312	33.74575	0.3275	0.423052239
	1313	33.359	0.351	0.423552369
	1314	32.8265	0.36875	0.424052486
	1315	31.868	0.38025	0.424552589
	1316	30.056	0.42775	0.425052676
	1317	26.743	0.53125	0.425552747
	1318	26.93	0.45875	0.426052799
	1319	25.38825	0.394	0.426552832
	1320	21.92125	0.5335	0.427052843
	1321	21.4375	0.59375	0.427552832
	1322	20.937	0.58625	0.428052796
	1323	19.15675	0.667	0.428552736
	1324	19.74575	0.64725	0.429052648
	1325	18.729	0.66325	0.429552532
	1326	16.7905	0.7365	0.430052386
	1327	16.70075	0.79975	0.430552209
	1328	21.00475	0.733	0.431052
	1329	26.04575	0.53025	0.431551756
	1330	27.493	0.48975	0.432051477
	1331	29.1985	0.45325	0.432551162
	1332	31.136	0.415	0.433050808
	1333	31.15475	0.446	0.433550414
	1334	33.0885	0.42425	0.434049979
	1335	34.62	0.30775	0.434549502
	1336	34.6595	0.30625	0.435048981
	1337	33.75	0.30175	0.435548414
	1338	33.274	0.2925	0.436047801
	1339	32.556	0.28975	0.43654714
	1340	31.24375	0.291	0.437046429
	1341	29.66525	0.328	0.437545667
	1342	28.0925	0.362	0.438044852
	1343	25.21725	0.42975	0.438543984
	1344	24.15875	0.469	0.43904306
	1345	23.9355	0.4815	0.43954208
	1346	23.3105	0.477	0.440041042
	1347	23.034	0.49	0.440539944
	1348	22.39325	0.517	0.441038786
	1349	22.29175	0.53075	0.441537565
	1350	20.978	0.5725	0.44203628
	1351	20.0135	0.62225	0.442534931
	1352	22.687	0.58425	0.443033514
	1353	24.44225	0.57025	0.44353203
	1354	25.79425	0.547	0.444030477
	1355	27.5485	0.512	0.444528852
	1356	28.7935	0.50325	0.445027156
	1357	29.4025	0.49	0.445525386
	1358	30.199	0.468	0.446023541
	1359	30.055	0.43575	0.44652162
	1360	31.18325	0.4375	0.447019621
	1361	32.1305	0.41925	0.447517543
	1362	31.83575	0.39875	0.448015384
	1363	30.6415	0.4065	0.448513143
	1364	29.11575	0.453	0.44901082
	1365	27.56125	0.49975	0.449508411
	1366	25.61725	0.548	0.450005916
	1367	24.01475	0.619	0.450503333
	1368	23.85825	0.6175	0.451000662
	1369	23.7555	0.641	0.4514979
	1370	22.75875	0.66	0.451995047
	1371	20.57325	0.73275	0.452492101
	1372	20.1505	0.7795	0.45298906
	1373	20.94275	0.759	0.453485923
	1374	21.951	0.6495	0.453982689
	1375	21.80175	0.65825	0.454479356
	1376	22.496	0.677	0.454975923
	1377	25.0895	0.645	0.455472389
	1378	26.69575	0.5955	0.455968752
	1379	27.524	0.5585	0.456465011
	1380	28.36925	0.53875	0.456961164
	1381	29.58525	0.51175	0.45745721
	1382	30.14325	0.51575	0.457953148
	1383	28.916	0.51375	0.458448976
	1384	29.89275	0.4755	0.458944694
	1385	28.7355	0.5085	0.459440298
	1386	28.6795	0.5165	0.459935789
	1387	29.0475	0.515	0.460431165
	1388	27.531	0.54225	0.460926424
	1389	25.946	0.57775	0.461421565
	1390	24.15325	0.6195	0.461916587
	1391	23.9055	0.645	0.462411488
	1392	23.4125	0.627	0.462906268
	1393	22.322	0.664	0.463400923
	1394	21.30625	0.722	0.463895454
	1395	20.31125	0.77	0.464389859
	1396	20.6505	0.80125	0.464884137
	1397	19.9185	0.80725	0.465378285
	1398	19.76375	0.8375	0.465872304
	1399	20.07325	0.8415	0.466366191
	1400	23.27125	0.7605	0.466859945
	1401	27.321	0.62675	0.467353564
	1402	27.85075	0.58675	0.467847048
	1403	29.2715	0.55575	0.468340396
	1404	30.34975	0.52375	0.468833604
	1405	31.29325	0.4725	0.469326674
	1406	32.285	0.43025	0.469819602
	1407	32.78275	0.406	0.470312388
	1408	32.03075	0.4245	0.47080503
	1409	32.1375	0.4245	0.471297527
	1410	32.8795	0.40775	0.471789878
	1411	30.3055	0.46925	0.472282081
	1412	29.609	0.4625	0.472774135
	1413	28.51925	0.48025	0.473266039
	1414	26.87925	0.53875	0.473757791
	1415	25.6955	0.57175	0.47424939
	1416	23.75525	0.625	0.474740834
	1417	22.7165	0.64125	0.475232123
	1418	21.9925	0.66	0.475723255
	1419	21.3005	0.6725	0.476214229
	1420	20.92475	0.686	0.476705043
	1421	20.40625	0.72	0.477195696
	1422	20.67425	0.729	0.477686186
	1423	20.6205	0.741	0.478176513
	1424	20.81125	0.74375	0.478666676
	1425	20.6145	0.74475	0.479156672
	1426	21.127	0.74125	0.4796465
	1427	22.30375	0.71725	0.48013616
	1428	23.052	0.69025	0.480625649
	1429	23.19025	0.67575	0.481114967
	1430	23.76125	0.66225	0.481604112
	1431	24.237	0.6275	0.482093083
	1432	23.8335	0.6455	0.482581879
	1433	23.304	0.669	0.483070498
	1434	23.16	0.67425	0.483558939
	1435	22.92625	0.67875	0.484047201
	1436	22.22	0.69375	0.484535283
	1437	21.527	0.72425	0.485023182
	1438	20.36475	0.77675	0.485510899
	1439	20.03125	0.7625	0.485998431
	1440	19.49	0.76325	0.486485777
	1441	19.4365	0.772	0.486972936
	1442	19.0915	0.7965	0.487459907
	1443	18.9605	0.83325	0.487946689
	1444	19.00825	0.8375	0.48843328
	1445	19.044	0.828	0.488919678
	1446	18.4735	0.8295	0.489405884
	1447	17.754	0.8705	0.489891895
	1448	17.76	0.886	0.490377709
	1449	17.207	0.90025	0.490863327
	1450	17.183	0.91275	0.491348747
	1451	17.653	0.91775	0.491833966
	1452	18.62775	0.91675	0.492318985
	1453	19.57325	0.89775	0.492803801
	1454	19.728	0.87125	0.493288415
	1455	19.00275	0.869	0.493772823
	1456	18.4675	0.8965	0.494257025
	1457	18.3365	0.9145	0.494741021
	1458	18.43775	0.9195	0.495224808
	1459	18.3425	0.92325	0.495708385
	1460	18.07475	0.93175	0.496191751
	1461	17.68275	0.93975	0.496674905
	1462	17.653	0.9455	0.497157846
	1463	17.70075	0.94875	0.497640572
	1464	17.78975	0.94825	0.498123083
	1465	17.94425	0.93475	0.498605376
	1466	17.65875	0.92775	0.499087451
	1467	17.71225	0.92575	0.499569306
	1468	17.54	0.9165	0.500050941
	1469	17.4925	0.9125	0.500532353
	1470	16.89125	0.89625	0.501013543
	1471	16.06975	0.924	0.501494508
	1472	16.45125	0.9345	0.501975247
	1473	16.3145	0.936	0.50245576
	1474	16.5585	0.936	0.502936045
	1475	17.10575	0.9225	0.5034161
	1476	18.03325	0.88525	0.503895925
	1477	18.41375	0.833	0.504375518
	1478	18.6575	0.8235	0.504854879
	1479	18.9725	0.808	0.505334005
	1480	19.58525	0.77075	0.505812897
	1481	19.50175	0.759	0.506291551
	1482	19.08575	0.80125	0.506769969
	1483	18.949	0.83525	0.507248147
	1484	18.84175	0.85	0.507726085
	1485	18.25925	0.86975	0.508203783
	1486	17.97375	0.87975	0.508681238
	1487	17.27825	0.8715	0.509158449
	1488	16.975	0.8875	0.509635416
	1489	16.2185	0.8965	0.510112137
	1490	15.4255	0.8945	0.510588611
	1491	14.7685	0.89325	0.511064837
	1492	14.70275	0.8835	0.511540813
	1493	14.445	0.886	0.512016539
	1494	14.09775	0.88575	0.512492013
	1495	14.63625	0.873	0.512967235
	1496	17.688	0.80775	0.513442203
	1497	21.3195	0.724	0.513916915
	1498	25.5615	0.6225	0.514391371
	1499	27.88175	0.48975	0.51486557
	1500	28.47525	0.444	0.51533951
	1501	28.4005	0.409	0.515813191
	1502	28.4625	0.405	0.516286611
	1503	29.197	0.4185	0.516759769
	1504	30.0195	0.38	0.517232663
	1505	29.0595	0.40825	0.517705294
	1506	28.53775	0.44075	0.518177659
	1507	27.5865	0.4605	0.518649758
	1508	25.91525	0.53975	0.51912159
	1509	23.689	0.652	0.519593152
	1510	23.29375	0.60775	0.520064445
	1511	20.5095	0.67925	0.520535467
	1512	19.43075	0.78175	0.521006217
	1513	19.038	0.80025	0.521476694
	1514	18.42	0.832	0.521946896
	1515	17.62925	0.8375	0.522416824
	1516	16.564	0.85575	0.522886475
	1517	15.72975	0.88125	0.523355848
	1518	15.12725	0.91175	0.523824943
	1519	14.94775	0.93325	0.524293758
	1520	15.24025	0.94125	0.524762293
	1521	15.706	0.94675	0.525230545
	1522	16.51025	0.93925	0.525698515
	1523	19.282	0.8455	0.526166201
	1524	21.43775	0.70325	0.526633601
	1525	24.30525	0.57925	0.527100716
	1526	25.41	0.52	0.527567543
	1527	24.94975	0.507	0.528034082
	1528	24.72125	0.4995	0.528500332
	1529	25.10125	0.48475	0.528966291
	1530	24.38175	0.52125	0.529431959
	1531	24.141	0.5285	0.529897335
	1532	23.6175	0.57225	0.530362417
	1533	21.24175	0.649	0.530827204
	1534	19.0025	0.74325	0.531291696
	1535	17.1355	0.789	0.531755891
	1536	16.80225	0.79925	0.532219788
	1537	16.969	0.7875	0.532683386
	1538	17.13575	0.757	0.533146685
	1539	17.02825	0.76	0.533609683
	1540	17.21875	0.73275	0.534072379
	1541	16.093	0.75375	0.534534773
	1542	18.79425	0.62475	0.534996862
	1543	19.59125	0.526	0.535458647
	1544	19.28775	0.5705	0.535920126
	1545	20.877	0.59325	0.536381297
	1546	24.741	0.51175	0.536842161
	1547	26.531	0.47	0.537302716
	1548	27.499	0.397	0.537762962
	1549	27.95	0.368	0.538222896
	1550	28.2765	0.3355	0.538682518
	1551	28.62475	0.30825	0.539141827
	1552	29.634	0.27625	0.539600823
	1553	29.8655	0.24575	0.540059504
	1554	29.81575	0.25475	0.540517869
	1555	29.1965	0.26225	0.540975917
	1556	26.741	0.371	0.541433647
	1557	21.5855	0.562	0.541891058
	1558	19.5555	0.64825	0.54234815
	1559	18.2415	0.63425	0.542804921
	1560	17.12975	0.66875	0.54326137
	1561	15.83675	0.688	0.543717497
	1562	14.6425	0.76525	0.5441733
	1563	15.22225	0.76375	0.544628779
	1564	16.02775	0.703	0.545083932
	1565	15.676	0.69375	0.545538759
	1566	14.57075	0.73075	0.545993258
	1567	14.01925	0.78	0.546447429
	1568	17.83675	0.742	0.546901271
	1569	20.931	0.62275	0.547354782
	1570	23.64175	0.51725	0.547807963
	1571	25.89825	0.45475	0.548260811
	1572	27.259	0.38875	0.548713327
	1573	27.8315	0.3825	0.549165508
	1574	28.52425	0.3695	0.549617355
	1575	28.9095	0.34225	0.550068866
	1576	29.60875	0.32025	0.550520041
	1577	29.81575	0.31825	0.550970877
	1578	26.13375	0.35525	0.551421376
	1579	20.72475	0.59775	0.551871535
	1580	19.62125	0.712	0.552321354
	1581	20.02525	0.67175	0.552770832
	1582	18.64	0.71625	0.553219967
	1583	16.79025	0.80075	0.55366876
	1584	16.731	0.84	0.554117209
	1585	15.7595	0.83775	0.554565314
	1586	15.6575	0.84025	0.555013073
	1587	14.65425	0.86875	0.555460485
	1588	15.84925	0.88025	0.55590755
	1589	15.103	0.89175	0.556354267
	1590	13.81	0.90275	0.556800635
	1591	13.69525	0.9055	0.557246653
	1592	16.95675	0.87225	0.55769232
	1593	19.9665	0.76825	0.558137636
	1594	22.50125	0.66225	0.558582599
	1595	24.24925	0.59	0.559027209
	1596	24.99825	0.54975	0.559471465
	1597	25.86575	0.495	0.559915365
	1598	26.65925	0.4655	0.56035891
	1599	27.70925	0.39525	0.560802099
	1600	28.599	0.36575	0.56124493
	1601	29.36525	0.327	0.561687402
	1602	29.6035	0.33	0.562129515
	1603	29.11625	0.34225	0.562571269
	1604	26.15725	0.45475	0.563012661
	1605	20.54525	0.6575	0.563453692
	1606	17.98575	0.759	0.563894361
	1607	16.48075	0.801	0.564334666
	1608	16.415	0.78775	0.564774608
	1609	15.9685	0.74775	0.565214184
	1610	15.485	0.7745	0.565653395
	1611	14.81625	0.8325	0.56609224
	1612	14.21775	0.86475	0.566530717
	1613	14.24775	0.888	0.566968826
	1614	14.73225	0.88975	0.567406567
	1615	15.83125	0.84125	0.567843938
	1616	16.90325	0.7425	0.568280939
	1617	18.741	0.66175	0.568717568
	1618	19.89425	0.589	0.569153826
	1619	19.82325	0.582	0.569589711
	1620	20.2695	0.57925	0.570025223
	1621	21.12125	0.54925	0.57046036
	1622	23.0955	0.531	0.570895123
	1623	23.767	0.514	0.57132951
	1624	23.59275	0.515	0.571763521
	1625	24.026	0.50225	0.572197154
	1626	23.8995	0.5085	0.57263041
	1627	22.76525	0.555	0.573063287
	1628	21.56875	0.62775	0.573495784
	1629	20.59075	0.683	0.573927901
	1630	19.69225	0.707	0.574359638
	1631	19.11525	0.68775	0.574790993
	1632	18.11075	0.74875	0.575221966
	1633	17.55175	0.797	0.575652556
	1634	16.9335	0.83375	0.576082762
	1635	15.89075	0.87	0.576512583
	1636	15.38975	0.8925	0.57694202
	1637	15.49725	0.91025	0.57737107
	1638	15.46725	0.9245	0.577799734
	1639	15.348	0.9345	0.578228011
	1640	15.557	0.9405	0.5786559
	1641	16.177	0.942	0.5790834
	1642	17.23675	0.93825	0.579510511
	1643	19.63875	0.8935	0.579937232
	1644	21.731	0.803	0.580363563
	1645	23.31025	0.70325	0.580789502
	1646	24.207	0.667	0.581215049
	1647	25.2465	0.615	0.581640203
	1648	26.019	0.5745	0.582064964
	1649	26.4025	0.55625	0.582489331
	1650	24.908	0.56175	0.582913303
	1651	23.8155	0.57	0.58333688
	1652	23.10775	0.59875	0.583760061
	1653	19.99025	0.6835	0.584182845
	1654	17.51	0.78675	0.584605232
	1655	16.6475	0.8415	0.585027221
	1656	16.153	0.86275	0.585448812
	1657	15.873	0.879	0.585870003
	1658	15.5745	0.88425	0.586290794
	1659	15.0435	0.88425	0.586711185
	1660	14.89375	0.87625	0.587131175
	1661	13.89275	0.872	0.587550764
	1662	14.188	0.87175	0.58796995
	1663	14.4325	0.85275	0.588388733
	1664	17.623	0.808	0.588807112
	1665	22.63	0.696	0.589225088
	1666	25.53275	0.599	0.589642658
	1667	26.39625	0.53975	0.590059823
	1668	27.48825	0.4985	0.590476583
	1669	28.07875	0.45775	0.590892935
	1670	29.115	0.391	0.591308881
	1671	29.3775	0.3815	0.591724419
	1672	29.8665	0.38175	0.592139548
	1673	29.8715	0.347	0.592554269
	1674	29.41475	0.33375	0.59296858
	1675	28.705	0.341	0.593382482
	1676	26.34425	0.3925	0.593795972
	1677	22.80175	0.44525	0.594209052
	1678	21.1035	0.49575	0.59462172
	1679	21.515	0.538	0.595033975
	1680	20.478	0.57275	0.595445818
	1681	17.6285	0.6505	0.595857247
	1682	15.7835	0.75275	0.596268262
	1683	14.642	0.793	0.596678863
	1684	13.50925	0.84675	0.597089049
	1685	12.9735	0.86225	0.597498819
	1686	12.213	0.88275	0.597908173
	1687	13.44275	0.89025	0.598317111
	1688	16.604	0.83775	0.598725631
	1689	20.50175	0.703	0.599133734
	1690	22.29825	0.61525	0.599541418
	1691	24.316	0.5725	0.599948684
	1692	25.59225	0.54425	0.600355531
	1693	26.99	0.51425	0.600761958
	1694	28.601	0.44	0.601167964
	1695	29.254	0.412	0.60157355
	1696	29.743	0.42575	0.601978715
	1697	28.493	0.442	0.602383457
	1698	29.1525	0.4245	0.602787778
	1699	29.128	0.39825	0.603191676
	1700	26.12075	0.47575	0.603595151
	1701	22.96425	0.55725	0.603998201
	1702	19.56775	0.685	0.604400828
	1703	20.43025	0.62725	0.60480303
	1704	19.29975	0.67125	0.605204807
	1705	17.4805	0.76825	0.605606159
	1706	18.723	0.7355	0.606007084
	1707	19.27	0.655	0.606407583
	1708	18.8775	0.651	0.606807655
	1709	19.3115	0.6355	0.607207299
	1710	18.8775	0.64775	0.607606516
	1711	18.59225	0.68825	0.608005304
	1712	18.74675	0.73	0.608403663
	1713	19.28775	0.71475	0.608801594
	1714	18.9905	0.7325	0.609199094
	1715	18.47925	0.79225	0.609596165
	1716	18.8655	0.812	0.609992805
	1717	19.026	0.8385	0.610389014
	1718	19.43025	0.837	0.610784791
	1719	19.2345	0.84825	0.611180137
	1720	18.3725	0.86975	0.611575051
	1721	18.52675	0.87575	0.611969531
	1722	18.65775	0.859	0.612363579
	1723	19.026	0.829	0.612757194
	1724	19.50175	0.81225	0.613150374
	1725	17.95	0.81875	0.613543121
	1726	17.74225	0.861	0.613935432
	1727	17.326	0.871	0.614327309
	1728	16.5285	0.87825	0.61471875
	1729	16.71875	0.86425	0.615109755
	1730	16.40325	0.852	0.615500325
	1731	16.606	0.833	0.615890457
	1732	15.974	0.81775	0.616280153
	1733	14.9235	0.8485	0.616669411
	1734	14.78625	0.84625	0.617058231
	1735	15.07325	0.825	0.617446614
	1736	17.42575	0.78775	0.617834558
	1737	22.21425	0.68875	0.618222063
	1738	25.77625	0.58325	0.618609129
	1739	27.27825	0.527	0.618995755
	1740	27.678	0.48875	0.619381942
	1741	28.03575	0.43125	0.619767688
	1742	28.92825	0.40575	0.620152994
	1743	29.797	0.36	0.620537859
	1744	30.9695	0.3345	0.620922282
	1745	30.79075	0.33425	0.621306264
	1746	29.62375	0.389	0.621689804
	1747	27.66075	0.41775	0.622072902
	1748	25.9875	0.485	0.622455558
	1749	23.29625	0.59625	0.62283777
	1750	20.4065	0.74275	0.623219539
	1751	20.79375	0.6675	0.623600865
	1752	18.84825	0.6775	0.623981747
	1753	18.5745	0.6955	0.624362184
	1754	18.58625	0.6735	0.624742178
	1755	17.7655	0.6685	0.625121726
	1756	16.147	0.749	0.62550083
	1757	16.3735	0.7675	0.625879488
	1758	16.43925	0.754	0.6262577
	1759	16.6655	0.75475	0.626635467
	1760	19.23475	0.746	0.627012787
	1761	23.41925	0.66625	0.627389661
	1762	25.3205	0.607	0.627766088
	1763	25.58625	0.58	0.628142068
	1764	27.29975	0.53025	0.628517601
	1765	27.499	0.47075	0.628892686
	1766	29.3335	0.44325	0.629267323
	1767	30.79	0.432	0.629641512
	1768	30.0545	0.44625	0.630015253
	1769	28.4935	0.476	0.630388545
	1770	27.87575	0.46775	0.630761388
	1771	26.25625	0.5295	0.631133782
	1772	25.2775	0.516	0.631505727
	1773	23.93625	0.489	0.631877222
	1774	21.748	0.5765	0.632248267
	1775	20.13825	0.66075	0.632618862
	1776	18.5505	0.7585	0.632989006
	1777	17.84325	0.83375	0.6333587
	1778	17.49825	0.87325	0.633727944
	1779	17.082	0.89975	0.634096736
	1780	16.701	0.9155	0.634465077
	1781	16.8975	0.92525	0.634832966
	1782	16.99875	0.93225	0.635200404
	1783	16.55825	0.93675	0.63556739
	1784	16.57625	0.935	0.635933923
	1785	17.219	0.913	0.636300005
	1786	17.284	0.8835	0.636665633
	1787	18.2355	0.868	0.63703081
	1788	19.145	0.82225	0.637395533
	1789	21.36025	0.77375	0.637759803
	1790	21.8855	0.749	0.638123619
	1791	23.23975	0.68375	0.638486983
	1792	23.52125	0.6595	0.638849892
	1793	23.54475	0.65125	0.639212348
	1794	23.539	0.6385	0.639574349
	1795	22.47725	0.651	0.639935897
	1796	21.30625	0.7075	0.640296989
	1797	19.3115	0.79175	0.640657628
	1798	19.175	0.826	0.641017811
	1799	18.58625	0.838	0.64137754
	1800	18.77075	0.85825	0.641736814
	1801	18.426	0.88375	0.642095632
	1802	18.19975	0.90825	0.642453995
	1803	17.67675	0.92075	0.642811902
	1804	17.231	0.92825	0.643169354
	1805	16.84425	0.9345	0.64352635
	1806	16.86775	0.9375	0.64388289
	1807	17.21875	0.93725	0.644238974
	1808	17.766	0.91875	0.644594601
	1809	19.5495	0.85275	0.644949773
	1810	21.25875	0.7605	0.645304487
	1811	21.94525	0.7105	0.645658745
	1812	24.72825	0.60475	0.646012546
	1813	24.908	0.552	0.646365891
	1814	24.33325	0.575	0.646718778
	1815	25.31325	0.57075	0.647071208
	1816	25.33775	0.555	0.647423181
	1817	25.5015	0.5355	0.647774697
	1818	25.64825	0.527	0.648125755
	1819	26.1525	0.45925	0.648476355
	1820	24.613	0.47875	0.648826498
	1821	20.8655	0.58175	0.649176183
	1822	18.70525	0.64675	0.64952541
	1823	16.8025	0.751	0.649874179
	1824	17.8905	0.7035	0.65022249
	1825	17.421	0.68125	0.650570343
	1826	16.82625	0.69725	0.650917738
	1827	15.45475	0.73575	0.651264675
	1828	16.31975	0.73125	0.651611153
	1829	16.183	0.7205	0.651957172
	1830	15.4195	0.73525	0.652302733
	1831	15.93825	0.73975	0.652647835
	1832	17.974	0.7045	0.652992479
	1833	22.12075	0.65875	0.653336664
	1834	26.04175	0.5755	0.65368039
	1835	28.55	0.4745	0.654023657
	1836	29.08425	0.42525	0.654366465
	1837	29.7035	0.41275	0.654708815
	1838	30.36325	0.358	0.655050705
	1839	30.27675	0.362	0.655392136
	1840	25.91325	0.425	0.655733108
	1841	23.725	0.4615	0.656073621
	1842	25.5395	0.43325	0.656413674
	1843	27.536	0.406	0.656753269
	1844	26.05225	0.443	0.657092404
	1845	20.7045	0.6325	0.65743108
	1846	19.978	0.632	0.657769296
	1847	18.919	0.65325	0.658107053
	1848	18.27125	0.67025	0.65844435
	1849	17.27225	0.6825	0.658781188
	1850	17.22475	0.67675	0.659117567
	1851	16.725	0.677	0.659453486
	1852	17.08825	0.65525	0.659788946
	1853	17.09375	0.635	0.660123946
	1854	16.28425	0.64525	0.660458487
	1855	15.885	0.669	0.660792568
	1856	18.6815	0.629	0.661126189
	1857	23.3445	0.552	0.661459351
	1858	27.556	0.47475	0.661792054
	1859	30.1105	0.4145	0.662124297
	1860	30.98225	0.32625	0.662456081
	1861	31.18575	0.29975	0.662787405
	1862	32.003	0.2905	0.663118269
	1863	32.5	0.28675	0.663448674
	1864	30.21975	0.2965	0.66377862
	1865	28.7985	0.3165	0.664108106
	1866	29.63775	0.3395	0.664437133
	1867	27.24725	0.35925	0.664765701
	1868	26.28075	0.36625	0.665093809
	1869	24.213	0.41925	0.665421457
	1870	22.304	0.449	0.665748647
	1871	20.35275	0.50275	0.666075377
	1872	18.7705	0.53675	0.666401648
	1873	18.598	0.547	0.66672746
	1874	17.55775	0.578	0.667052812
	1875	17.5875	0.569	0.667377706
	1876	17.766	0.559	0.66770214
	1877	17.576	0.5545	0.668026116
	1878	16.93325	0.5715	0.668349632
	1879	16.844	0.58225	0.66867269
	1880	19.15125	0.55675	0.668995289
	1881	23.72925	0.49375	0.669317429
	1882	28.757	0.4325	0.66963911
	1883	31.34475	0.342	0.669960333
	1884	31.96525	0.3145	0.670281097
	1885	32.08575	0.31325	0.670601403
	1886	31.94525	0.30925	0.67092125
	1887	32.47825	0.31375	0.671240639
	1888	33.06625	0.29575	0.671559569
	1889	33.44375	0.294	0.671878042
	1890	33.7175	0.293	0.672196056
	1891	32.9245	0.32075	0.672513612
	1892	29.3085	0.3775	0.67283071
	1893	26.79675	0.3385	0.67314735
	1894	23.865	0.3955	0.673463533
	1895	21.18725	0.4665	0.673779258
	1896	20.05525	0.4935	0.674094525
	1897	20.25775	0.487	0.674409335
	1898	18.7885	0.5195	0.674723687
	1899	17.75375	0.55125	0.675037582
	1900	18.24725	0.5165	0.67535102
	1901	16.539	0.5565	0.675664001
	1902	17.02825	0.5625	0.675976525
	1903	16.78425	0.57	0.676288592
	1904	18.86	0.59375	0.676600202
	1905	24.4445	0.47	0.676911356
	1906	29.7285	0.40175	0.677222053
	1907	32.24725	0.35775	0.677532294
	1908	32.69775	0.3	0.677842078
	1909	33.0145	0.3405	0.678151407
	1910	33.908	0.294	0.678460279
	1911	34.684	0.28675	0.678768696
	1912	35.0525	0.25625	0.679076656
	1913	35.376	0.264	0.679384161
	1914	34.8715	0.2645	0.679691211
	1915	34.06825	0.32225	0.679997805
	1916	31.14475	0.412	0.680303945
	1917	26.00925	0.49075	0.680609629
	1918	23.5465	0.54375	0.680914858
	1919	21.697	0.59825	0.681219632
	1920	19.25275	0.64475	0.681523952
	1921	18.1465	0.69675	0.681827817
	1922	18.9135	0.62875	0.682131228
	1923	19.716	0.5515	0.682434185
	1924	18.27725	0.589	0.682736688
	1925	16.35475	0.669	0.683038737
	1926	15.1235	0.70475	0.683340332
	1927	16.8435	0.68675	0.683641474
	1928	19.4965	0.64275	0.683942163
	1929	25.06275	0.53975	0.684242398
	1930	28.88175	0.45725	0.68454218
	1931	30.94425	0.3785	0.68484151
	1932	31.5105	0.4025	0.685140387
	1933	32.76825	0.35975	0.685438811
	1934	33.9345	0.33125	0.685736783
	1935	34.61825	0.3005	0.686034303
	1936	35.8605	0.26875	0.686331371
	1937	35.32775	0.30675	0.686627988
	1938	33.14725	0.377	0.686924152
	1939	31.9195	0.39725	0.687219866
	1940	30.28925	0.4135	0.687515128
	1941	28.444	0.416	0.687809939
	1942	27.3275	0.39675	0.688104299
	1943	26.03025	0.40975	0.688398209
	1944	23.45225	0.46725	0.688691668
	1945	20.7045	0.61725	0.688984677
	1946	19.4305	0.66775	0.689277236
	1947	19.04425	0.68175	0.689569346
	1948	16.8615	0.7435	0.689861006
	1949	17.1295	0.7795	0.690152216
	1950	17.088	0.77675	0.690442977
	1951	17.96825	0.74425	0.690733289
	1952	20.234	0.684	0.691023153
	1953	25.59	0.58175	0.691312568
	1954	27.23025	0.52025	0.691601534
	1955	29.3035	0.47375	0.691890053
	1956	30.9285	0.4315	0.692178124
	1957	32.2725	0.401	0.692465747
	1958	32.53025	0.389	0.692752922
	1959	32.32325	0.412	0.693039651
	1960	32.8465	0.38975	0.693325932
	1961	32.65225	0.372	0.693611767
	1962	32.1435	0.363	0.693897155
	1963	31.37675	0.342	0.694182097
	1964	29.34225	0.379	0.694466593
	1965	26.9895	0.4145	0.694750643
	1966	25.83575	0.46625	0.695034248
	1967	25.27675	0.5095	0.695317407
	1968	23.4975	0.55475	0.695600121
	1969	21.57475	0.625	0.69588239
	1970	19.30025	0.69475	0.696164215
	1971	17.84925	0.7655	0.696445596
	1972	17.84925	0.75375	0.696726532
	1973	16.8555	0.76975	0.697007024
	1974	15.7715	0.8215	0.697287073
	1975	16.1225	0.83875	0.697566679
	1976	19.7225	0.74325	0.697845842
	1977	24.49925	0.62325	0.698124561
	1978	26.5925	0.56275	0.698402839
	1979	28.50025	0.512	0.698680674
	1980	30.52125	0.46125	0.698958067
	1981	32.15	0.4035	0.699235018
	1982	32.686	0.395	0.699511527
	1983	33.1325	0.37875	0.699787596
	1984	33.68525	0.351	0.700063223
	1985	33.7305	0.3495	0.70033841
	1986	32.86725	0.37825	0.700613157
	1987	31.53625	0.39875	0.700887463
	1988	29.599	0.45325	0.70116133
	1989	27.30925	0.448	0.701434757
	1990	26.67725	0.4825	0.701707744
	1991	25.5435	0.5495	0.701980293
	1992	24.611	0.5845	0.702252403
	1993	23.4185	0.638	0.702524075
	1994	22.202	0.68975	0.702795308
	1995	20.746	0.73575	0.703066104
	1996	18.7885	0.79675	0.703336461
	1997	18.42575	0.81325	0.703606382
	1998	18.05725	0.79625	0.703875866
	1999	17.72425	0.8245	0.704144913
	2000	20.07325	0.821	0.704413523
	2001	23.46125	0.74475	0.704681698
	2002	25.291	0.671	0.704949437
	2003	27.5015	0.5885	0.70521674
	2004	29.572	0.5225	0.705483608
	2005	31.30725	0.46825	0.705750041
	2006	32.93375	0.43325	0.70601604
	2007	33.31375	0.4355	0.706281604
	2008	33.09825	0.40875	0.706546734
	2009	32.2335	0.411	0.706811431
	2010	28.376	0.5355	0.707075694
	2011	27.92	0.524	0.707339525
	2012	25.51325	0.52325	0.707602922
	2013	24.74425	0.52225	0.707865887
	2014	24.07425	0.5385	0.70812842
	2015	24.5145	0.52775	0.708390521
	2016	22.9025	0.616	0.708652191
	2017	21.90325	0.69425	0.70891343
	2018	21.67	0.7175	0.709174238
	2019	19.86475	0.7665	0.709434615
	2020	19.2105	0.822	0.709694562
	2021	18.5505	0.82625	0.70995408
	2022	17.9385	0.8435	0.710213168
	2023	18.12875	0.828	0.710471826
	2024	20.502	0.781	0.710730056
	2025	23.593	0.6935	0.710987858
	2026	26.068	0.61675	0.711245231
	2027	28.4315	0.5335	0.711502176
	2028	30.1625	0.46075	0.711758694
	2029	31.5875	0.43175	0.712014784
	2030	32.971	0.37025	0.712270448
	2031	31.63775	0.38125	0.712525686
	2032	33.076	0.391	0.712780497
	2033	33.8885	0.3705	0.713034882
	2034	31.93875	0.43375	0.713288842
	2035	30.83175	0.4375	0.713542377
	2036	28.90275	0.4725	0.713795487
	2037	27.35775	0.52025	0.714048172
	2038	25.933	0.5465	0.714300433
	2039	23.9965	0.595	0.714552271
	2040	22.03525	0.677	0.714803685
	2041	21.8915	0.71325	0.715054677
	2042	20.35925	0.73475	0.715305245
	2043	20.28125	0.7705	0.715555392
	2044	20.23375	0.75325	0.715805116
	2045	18.604	0.7785	0.716054419
	2046	18.967	0.76925	0.7163033
	2047	17.3195	0.79175	0.716551761
	2048	20.24125	0.8145	0.716799801
	2049	25.41325	0.66575	0.717047421
	2050	27.50625	0.57525	0.717294621
	2051	29.40275	0.53875	0.717541401
	2052	30.76775	0.49475	0.717787763
	2053	31.6315	0.471	0.718033706
	2054	32.4355	0.437	0.71827923
	2055	34.2305	0.36325	0.718524337
	2056	35.59575	0.33275	0.718769026
	2057	34.045	0.3855	0.719013298
	2058	33.73075	0.37425	0.719257152
	2059	31.7955	0.3905	0.719500591
	2060	29.25625	0.45825	0.719743613
	2061	27.19225	0.50625	0.71998622
	2062	25.8975	0.54325	0.720228411
	2063	24.64275	0.531	0.720470187
	2064	23.8935	0.5645	0.720711549
	2065	22.2385	0.598	0.720952496
	2066	21.07975	0.65825	0.721193029
	2067	19.1745	0.7355	0.72143315
	2068	19.58525	0.7515	0.721672857
	2069	20.56125	0.686	0.721912151
	2070	19.3835	0.697	0.722151033
	2071	19.264	0.75575	0.722389503
	2072	21.2955	0.71275	0.722627561
	2073	26.44375	0.5975	0.722865209
	2074	29.06575	0.4895	0.723102445
	2075	30.315	0.45425	0.723339272
	2076	32.16475	0.38575	0.723575688
	2077	33.47	0.3495	0.723811695
	2078	33.999	0.32975	0.724047292
	2079	34.58825	0.31725	0.724282481
	2080	35.08975	0.30925	0.724517261
	2081	35.1245	0.29525	0.724751634
	2082	35.3835	0.268	0.724985598
	2083	34.0015	0.30625	0.725219156
	2084	30.951	0.3635	0.725452307
	2085	26.94475	0.454	0.725685051
	2086	24.69625	0.5415	0.725917389
	2087	23.07075	0.5705	0.726149322
	2088	21.63525	0.5945	0.726380849
	2089	19.9065	0.68425	0.726611972
	2090	20.67425	0.6185	0.72684269
	2091	20.3945	0.6025	0.727073004
	2092	19.8825	0.61125	0.727302915
	2093	19.34725	0.639	0.727532422
	2094	18.27725	0.67075	0.727761527
	2095	17.581	0.69675	0.727990229
	2096	19.60975	0.71775	0.72821853
	2097	25.63325	0.563	0.728446428
	2098	28.613	0.47075	0.728673926
	2099	29.87875	0.4315	0.728901023
	2100	31.44225	0.40925	0.72912772
	2101	33.23075	0.33975	0.729354016
	2102	34.04075	0.30975	0.729579914
	2103	34.54625	0.29375	0.729805412
	2104	34.15025	0.286	0.730030511
	2105	34.4735	0.289	0.730255212
	2106	33.294	0.29375	0.730479516
	2107	32.0035	0.31625	0.730703422
	2108	29.6535	0.3845	0.730926931
	2109	24.4595	0.541	0.731150044
	2110	21.86175	0.63375	0.73137276
	2111	22.03475	0.584	0.73159508
	2112	19.6685	0.65575	0.731817006
	2113	19.2105	0.64225	0.732038536
	2114	21.22975	0.53025	0.732259672
	2115	17.9265	0.64725	0.732480414
	2116	16.939	0.72525	0.732700763
	2117	17.62925	0.702	0.732920718
	2118	18.2	0.6565	0.73314028
	2119	16.8735	0.70025	0.73335945
	2120	18.777	0.74875	0.733578229
	2121	24.5575	0.54175	0.733796615
	2122	28.50975	0.4325	0.734014611
	2123	30.82025	0.4105	0.734232216
	2124	32.711	0.36775	0.734449431
	2125	33.4645	0.321	0.734666256
	2126	34.236	0.3	0.734882692
	2127	34.99575	0.2895	0.735098739
	2128	35.549	0.2925	0.735314398
	2129	35.52225	0.28325	0.735529668
	2130	34.308	0.293	0.735744551
	2131	33.035	0.3	0.735959047
	2132	30.98325	0.3085	0.736173156
	2133	29.17825	0.31225	0.736386879
	2134	28.4995	0.3465	0.736600216
	2135	26.844	0.41	0.736813167
	2136	24.334	0.48375	0.737025734
	2137	22.99925	0.48875	0.737237916
	2138	21.479	0.55375	0.737449714
	2139	20.0135	0.62475	0.737661128
	2140	18.6635	0.70025	0.73787216
	2141	17.02825	0.79075	0.738082808
	2142	17.171	0.81	0.738293074
	2143	18.14625	0.7415	0.738502958
	2144	20.306	0.6995	0.738712461
	2145	25.89525	0.562	0.738921583
	2146	28.63125	0.4515	0.739130324
	2147	31.226	0.39875	0.739338686
	2148	33.427	0.35225	0.739546667
	2149	35.15525	0.32425	0.73975427
	2150	36.5275	0.28525	0.739961493
	2151	37.98675	0.2575	0.740168338
	2152	38.99025	0.21925	0.740374806
	2153	37.73725	0.2495	0.740580896
	2154	37.11275	0.26675	0.740786609
	2155	34.52725	0.33225	0.740991945
	2156	31.939	0.32225	0.741196906
	2157	28.1015	0.38625	0.741401491
	2158	25.35775	0.46775	0.7416057
	2159	24.353	0.47975	0.741809535
	2160	23.97825	0.527	0.742012996
	2161	22.825	0.55475	0.742216083
	2162	20.84175	0.63475	0.742418796
	2163	21.36	0.5945	0.742621137
	2164	20.96625	0.59025	0.742823105
	2165	20.47775	0.6055	0.743024701
	2166	19.47225	0.63875	0.743225925
	2167	17.629	0.7375	0.743426779
	2168	20.43075	0.6755	0.743627262
	2169	24.40125	0.59975	0.743827374
	2170	26.8125	0.522	0.744027117
	2171	28.357	0.461	0.744226491
	2172	28.97225	0.45875	0.744425496
	2173	30.1365	0.43975	0.744624132
	2174	31.249	0.41325	0.744822401
	2175	32.1245	0.3805	0.745020302
	2176	32.3425	0.358	0.745217836
	2177	32.639	0.355	0.745415004
	2178	32.17525	0.36075	0.745611805
	2179	30.446	0.3765	0.745808241
	2180	28.82275	0.41625	0.746004312
	2181	27.7455	0.437	0.746200018
	2182	26.9895	0.44875	0.74639536
	2183	25.6115	0.488	0.746590338
	2184	24.36975	0.527	0.746784953
	2185	23.19625	0.56675	0.746979205
	2186	22.42325	0.58275	0.747173094
	2187	21.62825	0.61475	0.747366622
	2188	21.35375	0.60575	0.747559788
	2189	20.7935	0.56125	0.747752594
	2190	19.69225	0.5475	0.747945038
	2191	19.49	0.5895	0.748137123
	2192	19.38275	0.6275	0.748328848
	2193	19.75175	0.65475	0.748520214
	2194	20.061	0.6415	0.748711221
	2195	20.6445	0.6295	0.74890187
	2196	20.9365	0.5995	0.749092161
	2197	22.6155	0.5335	0.749282095
	2198	24.249	0.4935	0.749471673
	2199	23.26225	0.52575	0.749660893
	2200	22.998	0.56175	0.749849758
	2201	23.3765	0.53725	0.750038268
	2202	23.19025	0.528	0.750226423
	2203	22.15425	0.54225	0.750414223
	2204	21.5565	0.559	0.750601669
	2205	20.86475	0.57375	0.750788761
	2206	20.53125	0.562	0.750975501
	2207	19.5735	0.596	0.751161888
	2208	18.271	0.625	0.751347922
	2209	17.177	0.70725	0.751533606
	2210	16.86175	0.7175	0.751718937
	2211	16.08775	0.75	0.751903919
	2212	15.89075	0.76325	0.752088549
	2213	15.50325	0.777	0.752272831
	2214	15.32975	0.779	0.752456762
	2215	15.55675	0.80375	0.752640345
	2216	16.5995	0.82575	0.75282358
	2217	20.2875	0.64175	0.753006466
	2218	21.83175	0.52875	0.753189006
	2219	23.53875	0.4475	0.753371198
	2220	24.5575	0.39125	0.753553043
	2221	25.873	0.3755	0.753734543
	2222	26.5745	0.34325	0.753915697
	2223	28.091	0.33075	0.754096506
	2224	28.3325	0.30425	0.754276971
	2225	29.1845	0.291	0.754457091
	2226	28.16275	0.2995	0.754636867
	2227	26.6345	0.3225	0.754816301
	2228	24.9335	0.36075	0.754995391
	2229	23.56275	0.4265	0.75517414
	2230	23.2745	0.436	0.755352546
	2231	22.0705	0.4825	0.755530612
	2232	21.0675	0.51475	0.755708336
	2233	19.68625	0.535	0.75588572
	2234	17.5755	0.651	0.756062764
	2235	16.5465	0.72975	0.756239469
	2236	16.713	0.765	0.756415835
	2237	16.582	0.783	0.756591862
	2238	16.39725	0.8085	0.756767552
	2239	15.98025	0.8445	0.756942903
	2240	15.49125	0.8845	0.757117918
	2241	15.86725	0.90575	0.757292596
	2242	17.10575	0.9085	0.757466939
	2243	19.6925	0.863	0.757640945
	2244	20.98575	0.7505	0.757814616
	2245	22.92625	0.60925	0.757987953
	2246	23.31025	0.56225	0.758160955
	2247	21.89175	0.5955	0.758333624
	2248	22.08875	0.63175	0.758505959
	2249	22.73425	0.628	0.758677962
	2250	22.2265	0.63875	0.758849632
	2251	20.87075	0.70775	0.759020971
	2252	20.41225	0.741	0.759191978
	2253	20.16225	0.75975	0.759362654
	2254	19.6745	0.7705	0.759533
	2255	19.29375	0.7955	0.759703016
	2256	18.90725	0.8145	0.759872702